NAME : XML100_3165_21
DIMENSION : 101
NB_CLUSTERS : 33
CLUSTERING_ALG : DBSCAN
CLUSTERING_PARAMS : eps(40), minSamples(3)
CLUSTERS
1 0
2 4 25 30 82
3 34 51 61 64 69 94
4 12 31 37 57 92
5 35 52 78 88
6 9 28
7 7 13 49
8 3 20 45 93
9 22 79
10 76 77
11 56 99
12 43 53
13 39 63
14 46 50 68 85
15 15 44
16 42 55 65 96 98
17 5 36 54 62 67 95
18 21 48 66 70 73 83
19 1 10 74
20 16 38 80
21 2 33 91
22 27 75 100
23 72 89
24 6 86 90
25 17 26
26 59 81
27 23 41
28 8 47 58 60
29 14 18 32
30 19 40 87
31 11 29
32 24 71
33 84 97
EOF