NAME : XML100_2172_09
DIMENSION : 101
NB_CLUSTERS : 30
CLUSTERING_ALG : DBSCAN
CLUSTERING_PARAMS : eps(48), minSamples(3)
CLUSTERS
1 0
2 1 14 94
3 17 66 68
4 25 27 85 98
5 30 63 80 91
6 35 40 48 54 75 95
7 10 45 60 84
8 36 38 39 53 59 65 70 72 73 77 78
9 50 51 89
10 15 24 47
11 28 42 71 96
12 22 37 74
13 79 90
14 8 32
15 57 61 93
16 23 81
17 52 55 67
18 3 21 41
19 7 9 11 16 44 76
20 4 62 83
21 2 26 29 58
22 69 88
23 5 46 100
24 6 18 56 97
25 12 33 49 87
26 19 99
27 13 20 92
28 43 86
29 31 34
30 64 82
EOF