NAME : XML100_1135_26
DIMENSION : 101
NB_CLUSTERS : 30
CLUSTERING_ALG : DBSCAN
CLUSTERING_PARAMS : eps(42), minSamples(3)
CLUSTERS
1 0
2 6 20 28 44 99
3 9 10 17 32 69
4 41 52 81 94
5 19 54 55
6 31 39 40 43 56 60 73 85
7 38 97
8 68 88
9 7 53 70 77
10 11 24
11 5 48 58 83 87
12 23 59 82
13 75 92
14 22 26 67 72 76 91
15 42 61
16 1 4 15 30
17 14 95
18 33 35 65 86
19 2 16 57 80 84 100
20 3 45 49
21 46 89
22 21 79
23 25 27 51 90 96
24 29 93
25 13 47
26 50 64 74 78
27 12 36 37
28 18 98
29 8 34 63
30 62 66 71
EOF