NAME : XML100_1126_06
DIMENSION : 101
NB_CLUSTERS : 37
CLUSTERING_ALG : KMeans
CLUSTERING_PARAMS : k(38)
CLUSTERS
1 0
2 36 68
3 22 74 85
4 1 49 88
5 9 60
6 63 77 87
7 41 48 71
8 52 75 93
9 51 53 99
10 4 14 54 61
11 7 57 89
12 69 83
13 15 21
14 8 33 43 65
15 16 73 78
16 13 24 81
17 12 32 94
18 39 84
19 2 19 46 72
20 90 91
21 31 35 56 67
22 18 27
23 29 98
24 45 70 76 97
25 34 80 96
26 40 58 62 95
27 10 50
28 64 82
29 30 66
30 28 79 92
31 6 26 59
32 20 37 42 86
33 47 55
34 38 100
35 11 23
36 3 5 25
37 17 44
EOF