NAME : XML100_3151_05
DIMENSION : 101
NB_CLUSTERS : 34
CLUSTERING_ALG : KMeans
CLUSTERING_PARAMS : k(34)
CLUSTERS
1 0
2 45 54
3 85 90
4 2 19 27 65
5 13 35 40 98
6 9 12
7 14 29 78 79
8 10 39 49
9 23 43 56 73 92
10 18 38 61
11 7 60 71 77 86
12 17 33 66
13 5 30 51
14 46 88
15 42 55 80 84 87
16 6 59 67
17 20 52 91
18 24 44 57
19 32 76 94 99
20 41 48
21 31 34 36 63 70
22 53 58
23 62 68
24 11 81 93
25 1 21
26 8 69
27 4 25 82 89
28 15 28 74
29 50 64 100
30 22 26
31 37 96
32 83 95
33 16 75 97
34 3 47 72
EOF