NAME : XML100_2133_24
DIMENSION : 101
NB_CLUSTERS : 33
CLUSTERING_ALG : DBSCAN
CLUSTERING_PARAMS : eps(46), minSamples(3)
CLUSTERS
1 0
2 4 16 76 92
3 8 10 77 84 89
4 9 31 50 60 63
5 12 36 69
6 20 28 41 88 93
7 42 43 49 98
8 3 53 57 58 71 75 81
9 18 26 48 56 62
10 61 80
11 17 64 96
12 52 73
13 15 27 29 83 86 94
14 7 70
15 1 14
16 6 59 66
17 11 67 95
18 30 39 40 100
19 51 82
20 23 35 87
21 32 47
22 24 55
23 13 25 33 37
24 21 46
25 34 68 99
26 90 91
27 38 79
28 85 97
29 2 5
30 22 78
31 19 44 74
32 45 65
33 54 72
EOF