NAME : XML100_3175_25
DIMENSION : 101
NB_CLUSTERS : 33
CLUSTERING_ALG : DBSCAN
CLUSTERING_PARAMS : eps(32), minSamples(3)
CLUSTERS
1 0
2 9 39 77
3 4 12 50 85 100
4 7 53 74
5 17 20 34 44 76 80 99
6 18 41 45
7 24 81
8 48 52 75
9 64 66 95
10 2 5 47
11 8 29 82 84 90
12 13 54
13 33 67 93
14 1 87
15 36 69 83 92
16 37 51 73 94
17 21 46
18 22 57 98
19 23 35 91
20 10 56 60 65 70 97
21 11 68 79
22 26 61
23 43 55 86
24 30 38 62 88 96
25 25 78
26 40 89
27 19 27 49
28 3 63
29 14 15 59
30 6 32
31 16 28 58
32 71 72
33 31 42
EOF