NAME : XML100_3153_19
DIMENSION : 101
NB_CLUSTERS : 32
CLUSTERING_ALG : DBSCAN
CLUSTERING_PARAMS : eps(58), minSamples(3)
CLUSTERS
1 0
2 2 5 15 16 75
3 4 40 67 79 86
4 11 44 50 81
5 18 42 47
6 25 27 41 58 70
7 17 26 34 71
8 22 39 65 78 84 98
9 21 53 59 88
10 9 60 90
11 24 61 66 68 80
12 73 85 87
13 14 19 35 52 91 100
14 10 63
15 62 96
16 23 30 56
17 45 89
18 13 93
19 3 32 51 83
20 77 82
21 43 49 57 99
22 1 38
23 29 72
24 8 31
25 64 97
26 48 74 95
27 7 12
28 37 46
29 33 92
30 20 55
31 54 76 94
32 6 28 36 69
EOF