NAME : XML100_3152_01
DIMENSION : 101
NB_CLUSTERS : 27
CLUSTERING_ALG : DBSCAN
CLUSTERING_PARAMS : eps(71), minSamples(3)
CLUSTERS
1 0
2 2 12 32 53 86
3 3 20 37 43 95
4 8 23 77
5 11 13 19 26 30 45 49 58 59 60 62 69 78 90 94
6 15 29 72 76 84
7 16 28 41 93
8 21 52 87 91
9 22 36 40 48
10 27 34 44 61 71 74
11 47 54 73 88 92
12 4 56 63 64 75
13 7 9 14 25 81 85
14 17 46
15 6 57 82
16 51 70
17 5 18
18 35 97
19 55 80
20 39 96
21 1 65 79
22 24 38 98
23 67 68
24 33 42 99
25 31 89 100
26 66 83
27 10 50
EOF