NAME : XML100_1225_15
DIMENSION : 101
NB_CLUSTERS : 27
CLUSTERING_ALG : DBSCAN
CLUSTERING_PARAMS : eps(24), minSamples(3)
CLUSTERS
1 0
2 3 4 5 10 40 42 55 96
3 8 38 92
4 14 58 66 74 84 94 99
5 16 19 29 39
6 20 30 49 62
7 15 23 25 41 68 88
8 7 21 31 34 51 64 77 85
9 17 28 35 44 73 83
10 27 33 46 59 75 79
11 2 95
12 45 76 98
13 52 53 67 69
14 65 78
15 12 86 93
16 6 22 81 87
17 26 50 91
18 1 13 82
19 56 100
20 60 61 72
21 24 32 36
22 11 43 48
23 9 89
24 47 63 70
25 57 71 80
26 18 37 97
27 54 90
EOF