NAME : XML100_1125_17
DIMENSION : 101
NB_CLUSTERS : 29
CLUSTERING_ALG : DBSCAN
CLUSTERING_PARAMS : eps(39), minSamples(3)
CLUSTERS
1 0
2 10 12 21 77 88 90 94
3 14 23 91 95
4 22 74 86 87 92
5 25 55 100
6 33 45 50 83 97
7 16 52 65
8 4 15 18 46
9 9 51 68 82
10 19 28 61 85 93 98
11 1 24 32 47 48 56 60 69 71 73 81
12 31 64 66
13 5 6
14 8 41 62
15 2 11
16 3 96
17 70 79
18 29 35 99
19 40 57
20 42 63 72 89
21 13 37
22 38 49 59
23 7 17 26 36 39 84
24 27 58 67 80
25 43 53
26 44 54
27 30 78
28 75 76
29 20 34
EOF