NAME : XML100_3133_19
DIMENSION : 101
NB_CLUSTERS : 36
CLUSTERING_ALG : KMeans
CLUSTERING_PARAMS : k(40)
CLUSTERS
1 0
2 82 92
3 33 38 53
4 46 55 76
5 13 77 80 100
6 79 86
7 1 14 21
8 17 39
9 5 58 72 74
10 18 44 84
11 23 59
12 12 16 65 70
13 24 25
14 9 19 29 57
15 10 42 64
16 11 66 87 91
17 51 94
18 40 47 52
19 45 63
20 34 85
21 22 32 78 99
22 56 73 88
23 28 30
24 41 75
25 48 96
26 2 3 6 35 43
27 62 71 89 93
28 4 27
29 54 98
30 67 81
31 31 69 97
32 37 61 90
33 7 26 49 60 95
34 8 50
35 15 36
36 20 68 83
EOF