NAME : XML100_1142_04
DIMENSION : 101
NB_CLUSTERS : 28
CLUSTERING_ALG : DBSCAN
CLUSTERING_PARAMS : eps(53), minSamples(3)
CLUSTERS
1 0
2 4 39 44 87 91
3 7 26 31 32 37
4 9 24 59 90
5 10 60 70 84 88 95
6 15 23 65 78
7 13 18 68
8 2 27 30 43 45 64
9 47 72 76 100
10 3 12 35 73 77 79
11 36 96
12 34 63 85
13 5 81
14 53 62 75
15 1 33 71 99
16 40 55 92
17 6 14 16 38 50 67
18 42 56 61
19 11 28
20 74 97
21 22 58 66
22 25 52 83 93
23 19 29 89 98
24 46 48 49 82
25 20 54 86
26 51 69 80
27 8 21 94
28 17 41 57
EOF