NAME : XML100_3165_11
DIMENSION : 101
NB_CLUSTERS : 33
CLUSTERING_ALG : KMeans
CLUSTERING_PARAMS : k(38)
CLUSTERS
1 0
2 22 85
3 8 48 69 73
4 46 86
5 7 97
6 30 50 57 65
7 18 20 41 61
8 12 19
9 27 51 87 96
10 37 77 100
11 56 74 90
12 10 31 32 53 59 75 99
13 4 15 49 88
14 40 52
15 13 45 54
16 42 66 81
17 58 72 89 94
18 24 33
19 16 44
20 1 26 38 70 79
21 2 29 82 93
22 14 47
23 28 63
24 35 92
25 9 25 34 91
26 83 84
27 60 71 95
28 11 98
29 3 5 62 76
30 6 39 78
31 17 23 36 55 80
32 21 67 68
33 43 64
EOF