NAME : XML100_3262_06
DIMENSION : 101
NB_CLUSTERS : 27
CLUSTERING_ALG : DBSCAN
CLUSTERING_PARAMS : eps(19), minSamples(3)
CLUSTERS
1 0
2 4 11 12 15 17 18 23 33 34 50 60 65 99 100
3 27 39 54 70 88
4 20 21 31 38 55 61 62 87 93 94 96
5 7 37 41 45
6 44 80
7 9 25 30 59
8 29 35 71 81
9 36 63
10 43 90
11 8 28 64 76 78 79
12 2 72
13 32 82 97
14 1 83
15 16 75
16 19 40
17 56 67 92
18 14 53 86 89
19 13 46 95
20 3 5 26
21 51 68
22 48 49
23 22 42 84 91
24 6 52 57 85 98
25 10 73
26 47 58 74
27 24 66 69 77
EOF