NAME : XML100_3175_11
DIMENSION : 101
NB_CLUSTERS : 30
CLUSTERING_ALG : DBSCAN
CLUSTERING_PARAMS : eps(53), minSamples(3)
CLUSTERS
1 0
2 3 27 37 49 52 58 76 87 100
3 12 13 26 28 29
4 24 82 95
5 22 25 31 69
6 23 34 35 40 59 89
7 1 18 41 54 55 66 80 86
8 45 79 85
9 33 48 81
10 2 8 19 43 63 88 91
11 47 56
12 10 39
13 74 93
14 5 16
15 60 98
16 4 53
17 20 57 72 73
18 21 50 68 70 92
19 11 46
20 38 61
21 14 71
22 62 67 90
23 6 15 17 44 64 97
24 36 84 94 99
25 83 96
26 51 77
27 42 75
28 9 65
29 32 78
30 7 30
EOF