NAME : XML100_3156_20
DIMENSION : 101
NB_CLUSTERS : 30
CLUSTERING_ALG : DBSCAN
CLUSTERING_PARAMS : eps(53), minSamples(3)
CLUSTERS
1 0
2 15 27 46 52 57 85 100
3 21 49 91 96
4 2 18 28 93
5 29 72 79 95
6 13 32 34 37 54 75
7 1 40 56 63 88
8 3 35 38 41 62 89 97 98
9 10 25
10 22 60
11 6 76 94
12 20 30 67
13 11 16 45 77
14 23 36 42 71
15 58 64 84 92
16 12 82
17 9 24 48
18 4 19 55
19 65 66 86
20 68 69 87
21 31 47 59 83
22 26 61
23 39 50 51
24 14 33
25 7 90
26 17 53 73 80
27 44 70
28 5 8 43
29 74 99
30 78 81
EOF