NAME : XML100_1176_05
DIMENSION : 101
NB_CLUSTERS : 33
CLUSTERING_ALG : KMeans
CLUSTERING_PARAMS : k(42)
CLUSTERS
1 0
2 21 37 63
3 11 16 31 51 58 82
4 6 19
5 1 44 48 66 78
6 17 52 55 64 74
7 34 36 56
8 3 38 57 86
9 22 90
10 59 89
11 26 33
12 7 32 35 91
13 5 12 20
14 25 41
15 8 13 60 75
16 67 68
17 45 73 80 92
18 43 47 70
19 71 85
20 49 76 87
21 40 77 79
22 69 95
23 46 65 98
24 53 93
25 27 83
26 24 30 54 61 62 100
27 10 99
28 15 50 81 94
29 9 84 88 97
30 23 29 39
31 2 4 28 96
32 14 42
33 18 72
EOF