NAME : XML100_3134_08
DIMENSION : 101
NB_CLUSTERS : 29
CLUSTERING_ALG : DBSCAN
CLUSTERING_PARAMS : eps(20), minSamples(3)
CLUSTERS
1 0
2 16 17 18 84 85 95
3 1 8 19 25 37 53 66 94 99
4 42 43 51
5 11 35 83
6 27 70 72 76
7 2 13 45 49 73 88
8 3 14 21 41 56
9 32 75 89
10 12 15 20 55
11 4 22 54 62 64
12 52 61 71 74 98
13 23 34 80 93
14 9 31 36
15 48 81
16 26 33 68
17 77 87
18 44 50
19 46 67 86
20 30 65 69 90 96
21 6 47 59 92 100
22 5 38 82
23 24 63 97
24 7 28
25 10 39
26 58 78
27 57 91
28 29 79
29 40 60
EOF