NAME : XML100_3152_26
DIMENSION : 101
NB_CLUSTERS : 30
CLUSTERING_ALG : DBSCAN
CLUSTERING_PARAMS : eps(48), minSamples(3)
CLUSTERS
1 0
2 11 37 57 79 85
3 42 56 90
4 25 48 68 97
5 53 69 72
6 59 74 77
7 22 30 33 45 78 80 94 98 99
8 35 40
9 70 89
10 14 20 61 100
11 28 34 49 63
12 9 21 43 60
13 52 91
14 71 81 87
15 6 32 64 86
16 2 41 62
17 24 46 88
18 13 39 44 50
19 4 5 29 67 83
20 1 3 27 51 58
21 19 26 31 36 66 96
22 8 15 93 95
23 7 17
24 12 16 18
25 82 84
26 54 73
27 65 76
28 10 47 55
29 23 75
30 38 92
EOF