NAME : XML100_3136_21
DIMENSION : 101
NB_CLUSTERS : 36
CLUSTERING_ALG : KMeans
CLUSTERING_PARAMS : k(41)
CLUSTERS
1 0
2 48 52 73
3 19 66
4 2 29 38 94
5 27 44 71 87 99
6 67 97
7 55 84
8 39 79
9 35 77
10 21 47 90
11 25 69
12 1 92 100
13 15 28 60
14 3 16 51 68
15 34 64 91 93
16 61 82
17 24 37 43 72
18 32 56
19 13 31 41 65 96
20 50 70 80 81
21 12 49
22 8 22 26 46 62 63
23 17 54
24 18 33
25 9 57 74
26 14 30
27 4 10 20
28 23 78
29 53 98
30 7 83
31 11 95
32 42 86
33 5 40 88
34 6 36 58 89
35 45 59 75
36 76 85
EOF