NAME : XML100_3152_20
DIMENSION : 101
NB_CLUSTERS : 30
CLUSTERING_ALG : DBSCAN
CLUSTERING_PARAMS : eps(52), minSamples(3)
CLUSTERS
1 0
2 2 21 40 95 98
3 4 30 37 56 60
4 10 16 27 41
5 17 32 57 61
6 18 20 29 35 36 75 85
7 59 62 81
8 15 65 88
9 66 73 82 89
10 12 55 80
11 19 22 69 79 96
12 58 84 94
13 13 28
14 26 42 51
15 5 38 87
16 9 25 33 50
17 39 64 71 100
18 7 14 23 93 99
19 11 91
20 1 31 74 90
21 63 70 83
22 34 43 76
23 44 72
24 3 46 68
25 48 86
26 45 97
27 47 54 78
28 8 24 53 67
29 6 92
30 49 52 77
EOF