NAME : XML100_1162_03
DIMENSION : 101
NB_CLUSTERS : 34
CLUSTERING_ALG : KMeans
CLUSTERING_PARAMS : k(38)
CLUSTERS
1 0
2 46 95
3 61 81 99
4 32 41 83
5 34 40 100
6 9 91
7 7 15
8 43 53
9 13 67 72 98
10 24 71
11 42 48 59 60 79
12 12 25 39 75 90
13 14 17 54
14 6 62
15 51 76 85 88
16 3 8 52
17 22 74
18 5 38 55 84 97
19 20 82
20 45 56 58 66
21 35 65 87 96
22 29 30 36 86
23 33 70 78
24 1 16 37
25 69 77
26 19 27 93 94
27 11 18 50 92
28 26 28 80
29 4 47
30 63 64 68
31 57 89
32 31 44
33 21 49
34 2 10 23 73
EOF