NAME : XML100_3174_17
DIMENSION : 101
NB_CLUSTERS : 30
CLUSTERING_ALG : DBSCAN
CLUSTERING_PARAMS : eps(56), minSamples(3)
CLUSTERS
1 0
2 1 3 49 50 70 98 100
3 7 8 14 97
4 20 44 62 75 77
5 17 21 48 79
6 22 32 60 93
7 2 13 34
8 26 36 69
9 6 39 63 72
10 16 19 74 89
11 82 87 95
12 11 61 71 78 81 83 92
13 56 76 96
14 15 33 45 52 68
15 4 10
16 42 99
17 53 88
18 24 65 67
19 9 18 29 35 64
20 27 43 59 91
21 25 58 84 86
22 46 80
23 5 23
24 37 38 57
25 12 94
26 28 54
27 40 66
28 41 47 51
29 31 73 90
30 30 55 85
EOF