NAME : XML100_2165_14
DIMENSION : 101
NB_CLUSTERS : 37
CLUSTERING_ALG : KMeans
CLUSTERING_PARAMS : k(40)
CLUSTERS
1 0
2 50 63 86 94
3 36 75 95
4 29 59 79
5 14 39
6 60 64
7 3 17 35 61
8 28 40 77 92 93
9 47 100
10 65 76
11 5 9
12 6 11 16 48 66
13 15 25 49
14 2 24 32
15 18 70
16 26 81
17 71 80 99
18 27 57
19 46 51 52
20 7 96
21 12 30
22 1 19 34 91
23 10 33 56
24 23 53 78
25 38 43 68 73
26 87 88
27 44 82
28 4 21
29 22 31 37
30 67 85
31 8 20 89
32 83 98
33 13 42 55
34 72 74
35 45 54 62 69 84
36 58 90
37 41 97
EOF