NAME : XML100_2116_16
DIMENSION : 101
NB_CLUSTERS : 30
CLUSTERING_ALG : DBSCAN
CLUSTERING_PARAMS : eps(38), minSamples(3)
CLUSTERS
1 0
2 1 2 9 14 47
3 3 10 17 29
4 11 27 42 63 70 96
5 15 26 36 41 57 85
6 18 44 79 81
7 21 54 59 65 68 80 92 95
8 28 46
9 34 53 93
10 74 76 82 84 91
11 7 13 38
12 43 67 73
13 52 64
14 6 12 49 50 97
15 19 20
16 66 88
17 32 78
18 30 77 83
19 45 48 58 60
20 69 72 90
21 24 31 86
22 62 89
23 16 25 51 75
24 33 35 37 56 61
25 5 94
26 23 87 98
27 4 40
28 22 55 100
29 8 71
30 39 99
EOF