NAME : XML100_3165_22
DIMENSION : 101
NB_CLUSTERS : 28
CLUSTERING_ALG : DBSCAN
CLUSTERING_PARAMS : eps(60), minSamples(3)
CLUSTERS
1 0
2 2 33 39 93 94
3 3 6 41 80
4 7 10 12 24 56 85
5 21 43 48 51 58 64 72
6 22 38 46 78
7 8 27 30 65 68 70 86 96
8 13 31 37 40 49 73 74 77
9 36 81 82 95
10 9 20 32 60 88
11 28 35
12 1 15 52 66
13 16 100
14 59 71 83
15 44 89
16 69 87
17 14 61
18 26 62 92 98
19 17 19 47 50
20 5 23 25
21 29 99
22 53 54 97
23 11 34
24 57 75 91
25 18 63 67 79 90
26 45 76
27 4 42
28 55 84
EOF