NAME : XML100_2345_18
DIMENSION : 101
NB_CLUSTERS : 29
CLUSTERING_ALG : DBSCAN
CLUSTERING_PARAMS : eps(36), minSamples(3)
CLUSTERS
1 0
2 3 20 21 47
3 14 34 38 69 75
4 11 45 54 80 88 89
5 33 41 43 49 55 68 82 87 100
6 86 94 98
7 15 30 51 72
8 65 66 92
9 18 56 57 78 79 96
10 8 25 93
11 7 62
12 19 27 61 84
13 4 24 26 48
14 22 31 37 95
15 28 90
16 2 36
17 1 5 6 52 77 97
18 10 12 67
19 13 29 83
20 53 58
21 39 40 71
22 16 17 32 81 91
23 9 44 76
24 63 99
25 50 74
26 23 35 70
27 46 59 64
28 42 60
29 73 85
EOF