NAME : XML100_3154_23
DIMENSION : 101
NB_CLUSTERS : 31
CLUSTERING_ALG : DBSCAN
CLUSTERING_PARAMS : eps(47), minSamples(3)
CLUSTERS
1 0
2 4 10 12 61 93
3 6 14 31 80
4 26 64 67
5 28 47 58 88
6 24 25 40 41 49 54
7 16 21 35 44 51 59 63 66 92 95
8 2 46 56 69
9 75 76
10 55 73
11 30 81 94
12 45 99
13 42 43 71 83
14 23 70 90
15 74 84
16 1 50 86 87
17 19 97 98 100
18 39 53 77 85 91
19 20 27 34
20 17 33
21 22 36 96
22 8 11 18 72
23 9 62 65 82
24 13 78
25 29 48
26 3 15
27 38 68 89
28 32 60
29 5 57
30 7 52
31 37 79
EOF