NAME : XML100_1143_14
DIMENSION : 101
NB_CLUSTERS : 34
CLUSTERING_ALG : DBSCAN
CLUSTERING_PARAMS : eps(35), minSamples(3)
CLUSTERS
1 0
2 2 13 57
3 1 15 24 27 87 97
4 22 35 44 55 62 70 86 96
5 67 79 100
6 21 71 84 93
7 40 72
8 28 58 73
9 7 11
10 12 47 81
11 46 74 83
12 68 69 76
13 17 49 82 99
14 4 63
15 31 54 77
16 23 66 95 98
17 5 36
18 10 45 61 88
19 30 42 85 94
20 29 89
21 9 25
22 20 90
23 8 26 80
24 3 33 52
25 43 48 92
26 59 75
27 16 51
28 14 34 65
29 38 39
30 53 64
31 32 50 60 91
32 19 37
33 41 56
34 6 18 78
EOF