NAME : XML100_1316_20
DIMENSION : 101
NB_CLUSTERS : 29
CLUSTERING_ALG : DBSCAN
CLUSTERING_PARAMS : eps(31), minSamples(3)
CLUSTERS
1 0
2 2 17 39 95
3 10 20 91
4 11 13 18 29 31 38 69 79 100
5 23 49 86
6 28 46 63 68 71 82 89
7 37 57 59 78
8 22 32 40 44 45 58 61 65 93
9 50 75 96
10 53 87
11 5 36 54
12 35 88
13 1 92
14 4 51 56 73
15 21 25 26 42 55
16 9 19 72 98
17 14 43 81 83
18 77 99
19 16 27 48
20 52 66
21 33 97
22 8 12 60
23 7 74 84 94
24 3 47
25 24 64 76 80
26 6 30
27 62 67 85
28 41 90
29 15 34 70
EOF