NAME : XML100_3145_21
DIMENSION : 101
NB_CLUSTERS : 39
CLUSTERING_ALG : KMeans
CLUSTERING_PARAMS : k(44)
CLUSTERS
1 0
2 6 27
3 28 51
4 42 55 62 99
5 40 47 59 72 81
6 32 35
7 16 43 84
8 49 100
9 3 75
10 2 89 92
11 4 37
12 11 79
13 9 68
14 5 8
15 21 71
16 7 78 88
17 45 57 82
18 19 64 76
19 31 90
20 29 60
21 69 77
22 52 91
23 12 46 94
24 50 56 96
25 25 63 97
26 20 24
27 41 48
28 14 33 53
29 30 65
30 10 13 17 39 73 98
31 34 70
32 23 36 86
33 38 85
34 1 87
35 18 26 58 93
36 22 66
37 74 83
38 44 54 80 95
39 15 61 67
EOF