NAME : XML100_1122_08
DIMENSION : 101
NB_CLUSTERS : 29
CLUSTERING_ALG : DBSCAN
CLUSTERING_PARAMS : eps(58), minSamples(3)
CLUSTERS
1 0
2 1 14 20 37 38 52 72 85
3 2 18 51 57 64 76 91 99
4 4 21 47 53
5 10 16 17 34 43 46 81
6 7 19 42 89
7 9 29 36 50
8 39 60 84
9 25 40 41 54
10 30 44 92 93
11 32 48 90
12 15 49 77
13 3 6 88
14 59 63 68 75 82 97
15 28 80
16 69 98
17 65 95
18 73 94
19 23 26 67
20 5 12 58 62
21 13 22
22 66 71
23 31 55 70
24 11 35 61 86
25 8 83 96
26 24 56 100
27 45 74 78
28 33 79
29 27 87
EOF