NAME : XML100_1162_09
DIMENSION : 101
NB_CLUSTERS : 33
CLUSTERING_ALG : DBSCAN
CLUSTERING_PARAMS : eps(46), minSamples(3)
CLUSTERS
1 0
2 10 32 90 91
3 11 12 58 95
4 49 60 66 70 79 96
5 9 16 29 41 48 62 64 83
6 89 100
7 4 35 80 88
8 22 23 37 56 65
9 7 45 84
10 2 28 43 51
11 31 42 86
12 63 71 92
13 30 38
14 19 44 73
15 24 54
16 52 87
17 8 50 55
18 18 36 68
19 15 20 98
20 59 81 99
21 40 57
22 34 72 85
23 6 78
24 5 61
25 47 74 93
26 13 67 94
27 3 26 33 82
28 14 27
29 25 46
30 39 53
31 17 75 76
32 1 69 97
33 21 77
EOF