NAME : XML100_1152_09
DIMENSION : 101
NB_CLUSTERS : 27
CLUSTERING_ALG : DBSCAN
CLUSTERING_PARAMS : eps(43), minSamples(3)
CLUSTERS
1 0
2 12 26 27 40 51 52 78 97
3 30 64 82
4 5 14 36 50 63
5 44 56 73
6 3 33 48 66 76 89
7 1 2 28 47 81 83
8 69 74 92 96 98
9 8 22 38 80 95
10 13 17 55 86
11 20 32
12 53 68 70 91
13 6 54 58 87
14 37 41
15 45 67
16 31 35 57 65 75 90
17 9 25 99
18 7 34 43 77
19 18 60 85
20 19 23 29 39 42
21 4 15 93
22 71 88
23 24 49 61 79
24 10 59
25 11 21 84
26 46 94
27 16 62 72 100
EOF