NAME : XML100_3134_24
DIMENSION : 101
NB_CLUSTERS : 27
CLUSTERING_ALG : DBSCAN
CLUSTERING_PARAMS : eps(53), minSamples(3)
CLUSTERS
1 0
2 3 44 57 66 81 94 96
3 5 13 29 40 89
4 12 26 31 35 62
5 16 56 67
6 30 33 34 36 65 68
7 25 71 84 87 91
8 22 38 48 51 100
9 10 63
10 9 42 64 69 79
11 78 95
12 4 7 46 52 77
13 15 20 58 74 82 86 90
14 8 23 59
15 14 24 73 76
16 1 28 41 61
17 43 45
18 75 99
19 27 39 50
20 21 54 85 92
21 11 18 83
22 17 32 72 97
23 2 49 88
24 19 37 60 70 98
25 55 80
26 53 93
27 6 47
EOF