NAME : XML100_3243_22
DIMENSION : 101
NB_CLUSTERS : 28
CLUSTERING_ALG : DBSCAN
CLUSTERING_PARAMS : eps(19), minSamples(3)
CLUSTERS
1 0
2 2 25 31 40 42 56 97
3 7 16 17 34 87 92 99
4 8 13 15 100
5 19 41 58 66 77 81 86
6 23 39 50 63 65
7 24 38 54 55 64 68 91 93
8 27 51 69
9 12 33 37 48 74 84
10 1 35 67 71 78 94
11 18 30
12 49 96
13 22 44 76
14 70 73 83
15 53 79
16 5 6
17 52 61
18 21 57 72 82 98
19 4 36 89
20 20 75 95
21 3 11
22 28 80 90
23 45 46 59
24 26 47
25 10 32
26 9 43 60 62
27 29 85
28 14 88
EOF