NAME : XML100_2142_08
DIMENSION : 101
NB_CLUSTERS : 30
CLUSTERING_ALG : DBSCAN
CLUSTERING_PARAMS : eps(66), minSamples(3)
CLUSTERS
1 0
2 2 15 56 67 80 84 89 93
3 4 10 24 45
4 16 25 32 61 69 74
5 14 17 44 46 49 86 97
6 18 41 79
7 21 34 36 62 68 82
8 12 23 40
9 47 57 72 81
10 9 27 85 96 99
11 20 87
12 13 54 70 88
13 30 55 76
14 22 26 28
15 6 35 51
16 90 98
17 29 58 95 100
18 5 52 65
19 39 63 66 71 92
20 38 78 94
21 7 33 64
22 8 53
23 48 83
24 3 43
25 1 75
26 50 91
27 11 73
28 19 42
29 31 60 77
30 37 59
EOF