NAME : XML100_1165_08
DIMENSION : 101
NB_CLUSTERS : 32
CLUSTERING_ALG : DBSCAN
CLUSTERING_PARAMS : eps(35), minSamples(3)
CLUSTERS
1 0
2 7 22 88
3 15 20 44 97
4 28 40 60 79
5 16 45 51 72 76 81
6 8 30 58 61 73 78 85 96 98
7 10 91
8 24 32
9 11 49
10 2 46 57
11 23 65 82
12 5 25 89
13 37 47 50
14 31 48 83 99
15 64 68
16 14 69
17 33 52 87
18 13 18 86 92 95
19 36 41 75 77
20 4 38 66 67 71 84
21 21 34 53 90
22 12 29 35
23 43 80
24 19 42
25 54 55
26 27 63
27 3 17 59 74 93
28 26 39
29 70 94
30 1 100
31 9 56
32 6 62
EOF