NAME : XML100_3166_14
DIMENSION : 101
NB_CLUSTERS : 27
CLUSTERING_ALG : DBSCAN
CLUSTERING_PARAMS : eps(20), minSamples(3)
CLUSTERS
1 0
2 2 27 61 84 91
3 9 37 46 53 71 79 86 92
4 16 29 98
5 39 67 82 87
6 30 51 57 64
7 7 28 41 52
8 63 73
9 18 35 48 74 77
10 21 93
11 14 22 36 60 68 81
12 24 38 50
13 23 96
14 4 8 49
15 13 43 55
16 6 59 70
17 10 40 76 89
18 25 34 54
19 33 72 75
20 12 58 66 85 95
21 5 26 94 100
22 15 31 42 45 62 78 80
23 3 65 97 99
24 17 20 47 56 69
25 1 11 88
26 19 32 83
27 44 90
EOF