NAME : XML100_2172_13
DIMENSION : 101
NB_CLUSTERS : 31
CLUSTERING_ALG : DBSCAN
CLUSTERING_PARAMS : eps(57), minSamples(3)
CLUSTERS
1 0
2 8 25 26 49 100
3 28 38 65 87
4 6 9 30 37 42
5 29 35 39 44 72 75 91 94
6 5 55 82 85 93
7 22 36 57 83
8 48 58 63 95
9 24 61 64 84 89 99
10 45 86
11 18 32 43
12 40 73
13 7 78 97
14 14 71 90
15 3 59
16 4 51
17 27 31
18 13 88 96
19 16 17 20 23 47 74 76
20 33 41 92
21 46 52
22 34 56 81
23 60 98
24 2 21 53 70
25 10 11
26 15 79
27 12 80
28 66 68
29 1 19 54 77
30 67 69
31 50 62
EOF