NAME : XML100_3165_19
DIMENSION : 101
NB_CLUSTERS : 29
CLUSTERING_ALG : DBSCAN
CLUSTERING_PARAMS : eps(54), minSamples(3)
CLUSTERS
1 0
2 1 4 37 54 87
3 10 21 40
4 3 11 58
5 13 90 94
6 19 35 39 73
7 24 48 62 96 97
8 23 25 49 52 59 76
9 15 32 42 66 88 95
10 2 63 67 70 86
11 38 71 75 84 85
12 7 17 89
13 14 33 50 64 72 93
14 26 46 77 98
15 44 74
16 34 78 83 91
17 5 30 43 57
18 53 92
19 8 41 99
20 20 65
21 6 31
22 16 51 81
23 9 55 60
24 22 47 56 80
25 27 29 36
26 61 79
27 28 45 100
28 12 68 69
29 18 82
EOF