NAME : XML100_1162_11
DIMENSION : 101
NB_CLUSTERS : 28
CLUSTERING_ALG : DBSCAN
CLUSTERING_PARAMS : eps(53), minSamples(3)
CLUSTERS
1 0
2 2 17 20 82 83
3 6 53 57 80
4 10 13 26 42 48 70 88
5 14 22 28 35 40
6 24 32 52
7 36 49 56 69 84 87 94
8 1 8 23 44 58 85 90
9 12 45 74
10 7 11 50 51 59 76 92 96
11 19 73
12 61 98
13 16 25 65 75
14 3 99
15 64 66 79
16 29 37 41 72
17 5 27
18 43 91
19 47 63
20 30 81 93
21 67 77
22 4 31 34 54
23 39 46 55 62
24 18 33
25 15 21 68
26 9 60 86 97 100
27 38 78 89
28 71 95
EOF