NAME : XML100_3134_08
DIMENSION : 101
NB_CLUSTERS : 34
CLUSTERING_ALG : KMeans
CLUSTERING_PARAMS : k(40)
CLUSTERS
1 0
2 30 90 96
3 6 59 100
4 52 61 71 74 98
5 1 37 53 94 99
6 48 81
7 22 54 62
8 24 63 97
9 13 18 84 85 95
10 40 60
11 34 65 69
12 5 38 82
13 46 67 86
14 44 50
15 12 15 20 55
16 77 87
17 16 17
18 27 70 72 76
19 29 79
20 9 31 36
21 42 43 51
22 4 64
23 26 33 68
24 32 75 89
25 3 14 21 41 56
26 47 92
27 8 19 25 66
28 23 80 93
29 57 91
30 7 28
31 2 45 49 73 88
32 10 39
33 58 78
34 11 35 83
EOF