NAME : XML100_3142_19
DIMENSION : 101
NB_CLUSTERS : 27
CLUSTERING_ALG : DBSCAN
CLUSTERING_PARAMS : eps(51), minSamples(3)
CLUSTERS
1 0
2 2 27 28 60 66 85 92
3 3 12 17 40 52 69
4 6 8 96
5 9 10 37 38 39 47 50 58 62 94
6 1 23 24 25 46 73 75 77 86
7 29 34 100
8 35 43 57 67 87 88
9 22 59 81 90
10 71 78 82 84
11 14 41 72
12 4 7 30
13 44 68 76
14 21 45
15 19 91
16 61 83 95
17 15 51
18 13 64
19 5 53 99
20 32 79 97
21 31 33 36 56 63 80
22 16 70
23 20 42 65 74
24 11 49
25 18 55 98
26 26 54 93
27 48 89
EOF