NAME : XML100_1164_12
DIMENSION : 101
NB_CLUSTERS : 29
CLUSTERING_ALG : DBSCAN
CLUSTERING_PARAMS : eps(67), minSamples(3)
CLUSTERS
1 0
2 2 12 28 42 79
3 5 31 100
4 10 32 37 57 62 84
5 14 33 49 66 97
6 15 27 95
7 19 21 26 76
8 24 34 40 45 64 70 80 83 93
9 36 38 73
10 8 25 61 82 94
11 4 13 20 29 58 74 87 89 90
12 54 72
13 59 77 78 85
14 7 86
15 6 56 98
16 22 51 71
17 11 44 69
18 75 88
19 30 52
20 1 18 35
21 47 81
22 41 91
23 23 39 48 68 99
24 17 53
25 50 60 63
26 67 92
27 16 65
28 9 55 96
29 3 43 46
EOF