NAME : XML100_3175_20
DIMENSION : 101
NB_CLUSTERS : 28
CLUSTERING_ALG : DBSCAN
CLUSTERING_PARAMS : eps(44), minSamples(3)
CLUSTERS
1 0
2 2 6 68 69 73 78 86
3 3 30 42 43 44
4 11 16 28 35 60
5 26 38 39 64
6 19 33 41 66 82 89
7 15 32 48 84
8 47 49 75 91
9 93 100
10 27 34 52 56 74 76 87
11 36 40 63 99
12 12 50 57 94
13 23 54
14 14 37 70 81
15 5 10 17 29
16 13 24
17 9 31 67
18 4 72 77
19 46 58 59 71 80 92 95 97
20 1 90
21 7 62
22 53 65
23 20 45 51 88 96
24 79 83 98
25 25 85
26 21 61
27 8 18
28 22 55
EOF