NAME : XML100_1272_17
DIMENSION : 101
NB_CLUSTERS : 33
CLUSTERING_ALG : DBSCAN
CLUSTERING_PARAMS : eps(17), minSamples(3)
CLUSTERS
1 0
2 11 48 49 85
3 40 43 45
4 3 28 57
5 7 8 17 36 71 74 80
6 21 60 99
7 20 91
8 29 62 63 67 87
9 16 22 23 44
10 6 27
11 10 64 77 95
12 1 78
13 54 55 58 61
14 13 47 72 89 96
15 18 59 79
16 30 83
17 34 90
18 12 41 76
19 4 5 46 53 93 94 100
20 15 37
21 51 70
22 35 92
23 56 69 88
24 38 42 73 75 86
25 14 84
26 31 81
27 2 39 50
28 24 66 98
29 19 26
30 9 33 65
31 68 97
32 32 52
33 25 82
EOF