NAME : XML100_3153_19
DIMENSION : 101
NB_CLUSTERS : 34
CLUSTERING_ALG : KMeans
CLUSTERING_PARAMS : k(37)
CLUSTERS
1 0
2 4 40 67 79 86
3 13 62 93 96
4 2 5 15 16 75
5 54 76 94
6 10 63
7 21 53 59 88
8 28 69
9 29 72
10 18 42 47 83
11 43 49 99
12 17 26 34 71
13 65 78 84
14 8 31
15 37 46
16 9 60 90
17 3 32 51 57
18 66 80
19 1 11 38 44 50 81
20 23 30 56
21 73 85 87
22 7 12
23 48 74 95
24 45 89
25 64 97
26 20 55
27 14 35 52 100
28 19 91
29 6 36
30 33 92
31 25 27 41 58 70
32 77 82
33 24 61 68
34 22 39 98
EOF