NAME : XML100_3175_08
DIMENSION : 101
NB_CLUSTERS : 33
CLUSTERING_ALG : DBSCAN
CLUSTERING_PARAMS : eps(21), minSamples(3)
CLUSTERS
1 0
2 17 25 82 91 97
3 21 36 66 69 90
4 23 37 52 55 58 96 98
5 22 42 95
6 4 5 89
7 3 27 29 40 72
8 35 62 100
9 20 50 59
10 86 92
11 24 46 51
12 88 94
13 28 33 71
14 9 10 12
15 14 47 83 87
16 8 38 57 64
17 41 49 60 75 78
18 44 80 84
19 67 81
20 18 34 93
21 1 77 79
22 43 45
23 13 39 56
24 30 31
25 11 16 54
26 2 19 32
27 61 68 76
28 6 15
29 48 53
30 65 73 99
31 63 85
32 7 74
33 26 70
EOF