NAME : XML100_3166_13
DIMENSION : 101
NB_CLUSTERS : 35
CLUSTERING_ALG : DBSCAN
CLUSTERING_PARAMS : eps(35), minSamples(3)
CLUSTERS
1 0
2 49 51 99
3 9 31 32 52 57 59 62 68 78 89
4 3 88
5 14 23
6 20 21 64
7 77 92
8 37 80
9 45 47 96
10 16 42 76
11 25 28 63 66 81
12 34 95
13 7 29 56 90
14 15 17
15 36 67 69 93
16 30 44 75
17 48 58
18 4 46 65
19 10 33 54
20 18 22 60 70 94
21 91 100
22 40 53 73
23 1 24
24 86 87 97
25 19 26
26 8 72
27 50 71
28 27 38
29 55 61
30 11 35 74
31 13 41 79
32 43 85
33 5 12 82
34 2 6 83 98
35 39 84
EOF