NAME : XML100_3116_21
DIMENSION : 101
NB_CLUSTERS : 28
CLUSTERING_ALG : DBSCAN
CLUSTERING_PARAMS : eps(65), minSamples(3)
CLUSTERS
1 0
2 2 53 71
3 3 38 40 46 61 73 79 86 87 93 95
4 6 20 29 31 99
5 12 59 81 89 97 100
6 13 18 33 52 64 67 68 96
7 22 45 55 65 76
8 26 70 78
9 42 43 98
10 17 21 36 37 56 63 91
11 1 39 94
12 7 54
13 66 75
14 35 44
15 23 25 28
16 58 83
17 24 41 62
18 10 27 51 74
19 16 50 57
20 11 77
21 8 9 14 30 34 72 88
22 80 82
23 49 92
24 4 48 84 90
25 5 85
26 60 69
27 19 32
28 15 47
EOF