NAME : XML100_3173_18
DIMENSION : 101
NB_CLUSTERS : 30
CLUSTERING_ALG : DBSCAN
CLUSTERING_PARAMS : eps(50), minSamples(3)
CLUSTERS
1 0
2 2 10 15 34 42
3 12 35 47
4 8 32 45 46 92 97
5 26 33 44 59 69 77 96
6 19 53 67 85
7 13 40 54 66 75 81 95
8 55 58 76 87
9 61 68 70 83
10 7 27 31 43 49 72 99
11 18 39 80 88
12 16 24 63
13 4 29 84 98
14 11 90
15 28 38 48 79
16 1 20
17 21 41 62
18 6 22 23
19 25 71
20 50 64
21 56 65 89
22 17 91
23 52 73
24 30 51 82
25 3 60 74
26 78 86
27 9 94
28 57 93
29 5 37 100
30 14 36
EOF