NAME : XML100_1162_09
DIMENSION : 101
NB_CLUSTERS : 35
CLUSTERING_ALG : KMeans
CLUSTERING_PARAMS : k(38)
CLUSTERS
1 0
2 25 46
3 4 14 80 88
4 7 45 84
5 1 69 97
6 11 12 58 95
7 9 41
8 18 36 60 68 70 96
9 3 26 33 82
10 31 42 86
11 19 44 73
12 21 77
13 13 67 94
14 30 38 43
15 49 66 79
16 2 27 28 35 51
17 17 75
18 23 65
19 59 81 99
20 29 64
21 34 72 85
22 6 78
23 10 32 90 91
24 47 74 93
25 5 61
26 63 71 92
27 40 57
28 52 87
29 24 54
30 15 20 76 98
31 89 100
32 8 50 55
33 39 53
34 22 37 56
35 16 48 62 83
EOF