NAME : XML100_1264_09
DIMENSION : 101
NB_CLUSTERS : 32
CLUSTERING_ALG : DBSCAN
CLUSTERING_PARAMS : eps(18), minSamples(3)
CLUSTERS
1 0
2 1 26 89
3 5 15 16 53
4 11 14 18 31 32
5 22 28 79
6 17 40 55 72 85
7 36 42 96 100
8 49 73 90 91
9 4 27 44 62 64 65
10 2 39 76
11 51 57
12 23 87
13 19 97
14 61 82
15 10 54
16 9 94
17 25 68
18 13 59 67
19 21 24 66 80
20 8 69 71 75
21 3 74
22 30 60
23 12 99
24 56 58 81
25 47 50 78 83
26 20 43 52 77 92
27 63 93
28 34 48 86 88
29 6 37 45
30 7 29 35 38 98
31 33 70 95
32 41 46 84
EOF