NAME : XML100_1125_21
DIMENSION : 101
NB_CLUSTERS : 33
CLUSTERING_ALG : KMeans
CLUSTERING_PARAMS : k(34)
CLUSTERS
1 0
2 13 48
3 31 49 66 78 93
4 2 3 26 72
5 5 32 56 60 69
6 65 68
7 14 54 87
8 4 73 88
9 37 45 64 89 92 96
10 44 52
11 25 76 91
12 9 19 21
13 8 18 27 46 53
14 20 29 34 38 40 55 85 90
15 11 39 51 71
16 15 22
17 12 35
18 81 84
19 23 82
20 43 63 70 95
21 58 97
22 30 47
23 61 80
24 41 94
25 10 75 83
26 7 33 36
27 16 62
28 42 59
29 24 74
30 17 28 77 98
31 1 6
32 57 67 99
33 50 79 86 100
EOF