NAME : XML100_1174_27
DIMENSION : 101
NB_CLUSTERS : 30
CLUSTERING_ALG : DBSCAN
CLUSTERING_PARAMS : eps(67), minSamples(3)
CLUSTERS
1 0
2 1 5 23
3 8 26 52 63 88 92
4 22 57 65 93 98
5 30 34 43 55
6 29 36 51 80
7 35 38 42 46 86
8 14 39 85
9 9 18 40 48 73 78
10 31 50 77 99
11 15 54 69
12 16 20 25 59 68 94 100
13 2 17 56 60 62 72 76 83
14 10 95
15 4 32
16 47 74
17 11 87
18 70 91
19 7 81
20 6 33 37 45
21 27 44
22 41 66
23 67 82
24 28 61
25 75 79
26 12 24 64 71 89
27 3 21 90
28 13 19 53
29 49 96 97
30 58 84
EOF