NAME : XML100_1144_08
DIMENSION : 101
NB_CLUSTERS : 34
CLUSTERING_ALG : KMeans
CLUSTERING_PARAMS : k(39)
CLUSTERS
1 0
2 52 59 95
3 11 22 32 60 64
4 82 92
5 14 88
6 10 13
7 18 69 74
8 23 24 79 81
9 65 91
10 85 86 90
11 40 43 54 58 68
12 1 2 3 26 55
13 35 57 89
14 34 37
15 78 80 100
16 33 36 62
17 9 50 61 71 98
18 42 46
19 4 19 25 56 66
20 12 45 70 72 94
21 17 49
22 48 67
23 28 29 77
24 16 51
25 27 38 83 93
26 15 39
27 41 53
28 31 84
29 5 21 63 75 99
30 30 73 96
31 6 76 87
32 20 44
33 8 47
34 7 97
EOF