NAME : XML100_2153_08
DIMENSION : 101
NB_CLUSTERS : 27
CLUSTERING_ALG : DBSCAN
CLUSTERING_PARAMS : eps(48), minSamples(3)
CLUSTERS
1 0
2 2 40 61
3 3 38 46 54 60 68 79 80
4 4 23 33 50 90
5 6 13 17 49 67 99
6 10 36 41 42 43 81 87 98
7 22 24 62 83 92
8 1 30 34 44
9 51 53 56 96
10 20 48 72
11 15 35 77 100
12 14 18 28 75 82 86 95
13 21 45 47 52 94
14 66 84
15 8 93
16 64 74
17 11 25
18 29 85
19 16 19 27
20 32 57
21 39 71 97
22 31 58 59 70
23 5 9 78
24 69 73 76
25 12 26 37
26 7 63 65 88
27 55 89 91
EOF