NAME : XML100_3173_23
DIMENSION : 101
NB_CLUSTERS : 29
CLUSTERING_ALG : DBSCAN
CLUSTERING_PARAMS : eps(40), minSamples(3)
CLUSTERS
1 0
2 3 40 57 90 91
3 6 56 61 74
4 19 22 38 58 64 65 80
5 23 51 60 67
6 13 34 76 85
7 4 11 43 66
8 12 20 28 42 45 47 88
9 72 94 100
10 15 84 99
11 41 52 89 93
12 7 14 53 62 87
13 49 71 82
14 21 26 59 63 73 78 81
15 5 96
16 39 98
17 79 97
18 48 68 77 86
19 1 8 29 54 55 69 70 75
20 17 18
21 16 31 35
22 2 44
23 9 27 92
24 30 33
25 37 83
26 24 25
27 10 50
28 32 36
29 46 95
EOF