NAME : XML100_3152_25
DIMENSION : 101
NB_CLUSTERS : 30
CLUSTERING_ALG : DBSCAN
CLUSTERING_PARAMS : eps(62), minSamples(3)
CLUSTERS
1 0
2 4 29 69
3 5 19 59 71
4 2 10 17 39 96
5 12 63 95 100
6 13 46 47 54 61 98
7 21 31 44 52 55
8 25 57 68
9 30 38 53 93
10 9 16 32 40 42
11 56 70 81 85
12 35 83 99
13 27 58 64 86 88 91 94
14 28 49 60 67 72 73 90
15 8 82
16 33 74
17 1 20 22 26
18 62 76 78
19 7 34
20 6 66
21 15 77 84 89
22 14 97
23 37 51 75 80
24 41 87
25 43 65
26 18 23 79
27 45 50
28 3 48
29 24 92
30 11 36
EOF