NAME : XML100_3156_08
DIMENSION : 101
NB_CLUSTERS : 32
CLUSTERING_ALG : DBSCAN
CLUSTERING_PARAMS : eps(48), minSamples(3)
CLUSTERS
1 0
2 2 50 79
3 3 32 42 76 98
4 12 16 17 25 26 33 58 87
5 11 14 61 69
6 34 37 44 49 55 97
7 35 57 67
8 48 83 90
9 52 63 85
10 41 60 64 72 91 92
11 13 47 65 68 77
12 54 89
13 9 20 39
14 8 62
15 75 84
16 10 28
17 24 29
18 30 94
19 1 70
20 53 100
21 6 21 38 66
22 18 19 46 73 86
23 27 45
24 36 56 59
25 81 82
26 4 80 99
27 95 96
28 22 93
29 7 31 40 74
30 43 88
31 23 71 78
32 5 15 51
EOF