NAME : XML100_3132_19
DIMENSION : 101
NB_CLUSTERS : 34
CLUSTERING_ALG : DBSCAN
CLUSTERING_PARAMS : eps(51), minSamples(3)
CLUSTERS
1 0
2 1 21 72 85 100
3 5 15 44 71 90
4 8 14 23
5 17 35 39 59
6 7 18 24 65
7 37 66 86
8 10 50 51 63 77 88
9 20 53 61 76
10 12 68 73
11 26 28 58 67 81 93
12 3 6 31
13 32 69 99
14 64 80 84 97
15 30 34 95
16 36 94
17 11 29
18 13 22
19 56 57
20 16 62
21 4 60
22 38 83
23 19 25 75
24 41 43 96
25 9 70
26 2 92
27 47 55
28 46 52 74 79
29 45 48 54 78
30 87 89
31 42 82
32 27 40
33 33 91
34 49 98
EOF