NAME : XML100_1155_05
DIMENSION : 101
NB_CLUSTERS : 30
CLUSTERING_ALG : DBSCAN
CLUSTERING_PARAMS : eps(47), minSamples(3)
CLUSTERS
1 0
2 5 17 19 29 35 46 61 80 90
3 7 70 84
4 10 36 97
5 14 65 67 96
6 3 13 30 56 66
7 51 83 95
8 20 53 54
9 57 93
10 8 55
11 24 31 32 39 76
12 2 38 69 74 82 94
13 48 91 98
14 22 77 85
15 37 43 62 68 72
16 11 25 44 49
17 23 60 89
18 1 34 73 92
19 4 26 28
20 12 15
21 16 33 81 88
22 21 47 64
23 41 45 52 71
24 59 75
25 40 42
26 63 79 87
27 58 78
28 27 50
29 9 99 100
30 6 18 86
EOF