NAME : XML100_3136_10
DIMENSION : 101
NB_CLUSTERS : 33
CLUSTERING_ALG : DBSCAN
CLUSTERING_PARAMS : eps(31), minSamples(3)
CLUSTERS
1 0
2 10 68 80
3 12 18 21 29 39 74 91
4 14 34 42 50
5 15 22
6 27 76 82
7 24 57 97
8 5 25 35 71
9 9 38 49 53 64 78 96
10 59 72
11 85 100
12 84 98
13 31 60
14 17 19 36 95
15 8 55 90
16 69 79
17 13 28 47 52
18 20 65 73 83 99
19 7 37 66 92
20 2 30
21 40 62
22 75 87
23 11 86
24 6 32 89
25 54 61
26 26 41 51 77
27 16 33 56
28 3 44 70 94
29 4 81 88
30 23 45
31 43 46
32 1 67 93
33 48 58 63
EOF