NAME : XML100_2374_12
DIMENSION : 101
NB_CLUSTERS : 28
CLUSTERING_ALG : DBSCAN
CLUSTERING_PARAMS : eps(34), minSamples(3)
CLUSTERS
1 0
2 8 19 24 33 44 57 63 89
3 5 10 20 45 48 69
4 23 35 46 47 50 53 85 92
5 52 96 99
6 4 17 59 79 91 98
7 74 81 87 88
8 1 7
9 13 40 51
10 9 41
11 16 43 55 73 76
12 2 77
13 56 80 97
14 29 71 84
15 25 66
16 31 70
17 3 28 34 49 58 75 86 100
18 15 27 82
19 18 22 38 60 62 65
20 21 64
21 39 90 95
22 6 42
23 14 37
24 30 68
25 61 93
26 11 12 32 78 83
27 36 54 72 94
28 26 67
EOF