NAME : XML100_1264_16
DIMENSION : 101
NB_CLUSTERS : 30
CLUSTERING_ALG : DBSCAN
CLUSTERING_PARAMS : eps(16), minSamples(3)
CLUSTERS
1 0
2 3 11 54 82 87
3 12 24 29
4 13 23 38 69 90 100
5 17 22 32 52 84 98
6 7 19 27 45 67 75
7 28 48 91
8 30 53 58 70 83 85
9 20 61
10 1 31 42 78
11 4 9 14 35 37 44
12 15 68 74
13 49 60 65 77
14 57 92
15 47 79
16 33 86
17 26 41 63
18 16 18 36 80
19 5 46 64 76 93 99
20 39 56
21 43 95
22 8 71
23 88 89
24 40 73 97
25 51 55
26 25 34 50
27 6 10
28 59 72 81 94
29 21 62 66
30 2 96
EOF