NAME : XML100_3153_18
DIMENSION : 101
NB_CLUSTERS : 27
CLUSTERING_ALG : DBSCAN
CLUSTERING_PARAMS : eps(69), minSamples(3)
CLUSTERS
1 0
2 1 66 77 81 94
3 4 26 33 45
4 5 27 35 36 75
5 6 29 32 47 48 89
6 11 31 39 41 69 95
7 12 61 63 73
8 14 79 82 96
9 8 16 58
10 17 18 19 42 60 70 100
11 20 22 50 83 92
12 28 56 76 84 88
13 13 44 65 85
14 54 59 91 97
15 2 86 99
16 34 43 46 52 78 80 98
17 57 67
18 7 40 64
19 53 55 90 93
20 24 37 72
21 30 71
22 38 49
23 9 10 51
24 15 68
25 23 62
26 3 25 74
27 21 87
EOF