NAME : XML100_3172_02
DIMENSION : 101
NB_CLUSTERS : 27
CLUSTERING_ALG : DBSCAN
CLUSTERING_PARAMS : eps(73), minSamples(3)
CLUSTERS
1 0
2 3 51 88
3 5 16 25 69 75 94
4 14 23 26 28 31 40 48 56 62 81 86
5 1 17 27 33 61 71 72
6 11 18 19 46 76 78 82 84
7 9 22 29 47
8 32 83 93
9 36 41 52 63 65
10 50 53 68
11 39 49 54
12 13 15 38 59 66 79 97
13 70 80
14 24 64 73
15 77 85
16 20 35 42 58
17 43 91
18 2 98
19 12 45
20 6 10 44 87 90
21 55 74
22 34 37
23 57 100
24 8 67 89 96
25 7 92 95 99
26 30 60
27 4 21
EOF