NAME : XML100_3376_04
DIMENSION : 101
NB_CLUSTERS : 33
CLUSTERING_ALG : DBSCAN
CLUSTERING_PARAMS : eps(22), minSamples(3)
CLUSTERS
1 0
2 9 12 31 37 38 40 69
3 4 22 25 26 57 78 85
4 28 91
5 32 53 74 77
6 52 73 81
7 19 29 55
8 35 48
9 60 88 90
10 43 75 83 98
11 20 39
12 18 27 68 94
13 1 8 11 79
14 30 61 67 71
15 3 80
16 45 47 54 63
17 21 50
18 66 100
19 44 58 59 64 99
20 13 93 95
21 42 97
22 34 56 72 76
23 10 23
24 2 49
25 16 24 36 65 84 92
26 46 62
27 14 70
28 7 17
29 5 86
30 6 15 33
31 82 89
32 41 51
33 87 96
EOF