NAME : XML100_3153_10
DIMENSION : 101
NB_CLUSTERS : 34
CLUSTERING_ALG : KMeans
CLUSTERING_PARAMS : k(35)
CLUSTERS
1 0
2 21 35 36 43 92
3 22 87
4 47 71 72 83
5 13 62 96 100
6 34 85
7 46 69
8 7 12 44 51 78 86
9 1 8 18 32 41 49
10 16 19 39
11 80 90
12 37 91
13 3 6 24 74 81
14 26 48
15 38 57 66
16 4 45
17 70 93
18 2 50 68
19 9 94
20 40 53
21 55 64 76
22 5 10
23 56 84 89 98
24 15 25 95 99
25 31 54
26 14 60
27 59 61 75 82
28 11 29 77
29 17 73 79 88
30 20 97
31 23 42
32 28 33
33 30 52 63 67
34 27 58 65
EOF