NAME : XML100_3164_26
DIMENSION : 101
NB_CLUSTERS : 29
CLUSTERING_ALG : DBSCAN
CLUSTERING_PARAMS : eps(48), minSamples(3)
CLUSTERS
1 0
2 6 8 19 43 58 69 76 90 97 100
3 37 40 48
4 38 50 73
5 3 34 59
6 1 7 60 85
7 11 15 18 24 29 57 77 78
8 25 70 75
9 32 65 82 95
10 2 68 79
11 13 31 36 54 98
12 12 86 94
13 21 27 81
14 39 51 88
15 35 83 92
16 62 67 72
17 17 61
18 23 53 66
19 10 42
20 22 33 45 52 96
21 4 71
22 20 63 74 84 99
23 9 28 64
24 5 16 56
25 89 93
26 14 41 44
27 47 49 55 80
28 26 87
29 30 46 91
EOF