NAME : XML100_1143_09
DIMENSION : 101
NB_CLUSTERS : 30
CLUSTERING_ALG : DBSCAN
CLUSTERING_PARAMS : eps(38), minSamples(3)
CLUSTERS
1 0
2 15 22 77 85 97
3 17 18 29 47 60 61 70 71 80 91
4 32 43 67
5 90 100
6 37 65
7 11 24 56 98
8 49 81 89
9 1 35 66 69 83
10 8 52
11 9 16
12 41 93
13 6 25 42 87
14 3 44 57
15 20 23 78 82
16 7 40 46 92 95 99
17 2 74 84 94
18 10 21 39 68
19 4 28 34 72
20 19 55 73 88 96
21 13 33 62 75
22 45 59
23 14 38 64
24 54 58
25 36 50 51 63 86
26 30 76
27 27 79
28 12 26
29 31 53
30 5 48
EOF