NAME : XML100_3135_13
DIMENSION : 101
NB_CLUSTERS : 33
CLUSTERING_ALG : DBSCAN
CLUSTERING_PARAMS : eps(50), minSamples(3)
CLUSTERS
1 0
2 5 73 100
3 14 30 43 87 99
4 15 23 77
5 9 17 84
6 37 38 76 79 82 92
7 16 40 93
8 12 35 42 54
9 4 22 28 41 51 58 68 86 88
10 31 57 71
11 19 33
12 6 67
13 61 78
14 32 72 75
15 3 49 56
16 1 69
17 47 65 83 95
18 2 21 29 80 97
19 8 91
20 10 45 59
21 24 70
22 26 44 48
23 50 64
24 55 81 96
25 11 34 66 90
26 25 36 89
27 20 62 74
28 27 94
29 7 63 98
30 18 60
31 13 52
32 53 85
33 39 46
EOF