NAME : XML100_2363_01
DIMENSION : 101
NB_CLUSTERS : 28
CLUSTERING_ALG : DBSCAN
CLUSTERING_PARAMS : eps(27), minSamples(3)
CLUSTERS
1 0
2 10 11 24 29 34 44 73
3 12 19 25 43 46 59 75 82 84 87 88 99
4 22 38 40 55 61 70
5 14 45 83 92
6 23 39 66 89
7 17 64 94
8 36 49 63 71 95 96
9 28 41 79 86
10 50 60 67
11 32 68
12 2 27 69 80
13 15 98
14 8 20 53
15 48 54 81
16 76 97
17 3 65 72 90
18 1 13 57
19 9 30
20 4 21 26
21 33 78
22 18 74 85
23 6 31 52
24 5 37
25 47 62 91 100
26 16 42
27 35 58 93
28 7 51 56 77
EOF