NAME : XML100_3122_06
DIMENSION : 101
NB_CLUSTERS : 31
CLUSTERING_ALG : DBSCAN
CLUSTERING_PARAMS : eps(46), minSamples(3)
CLUSTERS
1 0
2 22 72 86 91 98
3 25 31 62 73
4 1 28 60 61 65 71 78 81 94
5 7 37 92
6 29 42
7 21 40 70
8 82 89
9 2 4
10 19 53 100
11 39 45
12 51 54 57
13 5 9 56
14 44 75
15 18 52
16 10 12
17 6 41 48 63 76 84 85
18 11 87
19 27 38 49
20 88 97
21 33 50 95
22 32 74 80 83 96
23 20 35 58 67
24 17 99
25 24 59 77
26 8 15 23 26 30 93
27 68 69
28 43 46 47 66 79
29 3 16 36 55
30 14 90
31 13 34 64
EOF