NAME : XML100_1125_16
DIMENSION : 101
NB_CLUSTERS : 29
CLUSTERING_ALG : DBSCAN
CLUSTERING_PARAMS : eps(49), minSamples(3)
CLUSTERS
1 0
2 9 55 87 98
3 14 17 47 70
4 16 34 66 75
5 20 60 67 100
6 10 26 29 52 59 95
7 12 46 53 82
8 24 28 39 44 92 99
9 54 77
10 36 85
11 1 4 41 94
12 35 45 49
13 7 43
14 18 71
15 11 63 83
16 22 69
17 6 27 30 65 74 88
18 3 33 40 50 61
19 31 73 89
20 81 91
21 21 51 78
22 2 5
23 19 32 72
24 38 56 84
25 8 37 68
26 23 58 80 93
27 13 57 62 64 79 97
28 25 42 48 86 90 96
29 15 76
EOF