NAME : XML100_3143_22
DIMENSION : 101
NB_CLUSTERS : 30
CLUSTERING_ALG : DBSCAN
CLUSTERING_PARAMS : eps(39), minSamples(3)
CLUSTERS
1 0
2 6 39 42 61 71 72 86 90
3 18 35 60 64 69 100
4 2 41 66 73 81 95 97
5 14 38 43 51 54 94
6 15 46 92
7 5 75
8 22 40 48 70
9 20 63
10 56 80
11 50 85
12 11 32
13 52 96
14 10 28 59
15 26 33 74 77 82
16 44 45
17 3 9 23 47
18 36 98
19 17 49 53 58 93
20 19 29 79 83 87
21 1 30 31
22 55 62
23 12 21 68 78 88
24 13 24
25 16 37
26 4 7
27 8 27 67 84
28 34 57 89
29 65 76
30 25 91 99
EOF