NAME : XML100_3145_25
DIMENSION : 101
NB_CLUSTERS : 28
CLUSTERING_ALG : DBSCAN
CLUSTERING_PARAMS : eps(48), minSamples(3)
CLUSTERS
1 0
2 2 40 45 67 95
3 10 60 71 82
4 4 15 22 23 33 89
5 5 16 34 35 63 69 87
6 19 27 28 78
7 29 30 36 76
8 41 75 80 88
9 8 26 39 43 65 74 77 96
10 25 46 64 73 90 93
11 18 42
12 9 94
13 32 50 55
14 49 72 81 86
15 3 17 31 98
16 20 44 57 58
17 6 21 59 83
18 7 37 84
19 62 68 99
20 66 92
21 14 38
22 13 70 79 100
23 12 53 61 97
24 24 85
25 47 48
26 1 56
27 52 54
28 11 51 91
EOF