NAME : XML100_1176_21
DIMENSION : 101
NB_CLUSTERS : 28
CLUSTERING_ALG : DBSCAN
CLUSTERING_PARAMS : eps(55), minSamples(3)
CLUSTERS
1 0
2 4 32 56 64 69
3 6 14 65 92
4 8 55 66 89
5 12 17 98 99
6 22 33 61 71 86
7 21 23 39 50 54 58 60
8 26 34 37 46 87
9 16 30 31 47 84
10 2 40 48 68
11 19 28 42 62
12 52 75 83 95 100
13 80 94 96
14 13 57 59 70 88 90
15 10 27 36
16 43 49
17 63 67
18 9 29
19 24 77
20 3 18 25 53 76 78
21 15 91
22 11 72 93
23 74 79 81 97
24 5 38
25 1 20 35
26 7 73
27 41 45 51 85
28 44 82
EOF