NAME : XML100_1126_03
DIMENSION : 101
NB_CLUSTERS : 31
CLUSTERING_ALG : DBSCAN
CLUSTERING_PARAMS : eps(39), minSamples(3)
CLUSTERS
1 0
2 17 20 41 43 74 76 93
3 42 57 60 84
4 6 22 35 36 44 51 61
5 13 18 54 63 72 90
6 7 19 38 59
7 25 99
8 89 96
9 62 79
10 5 69
11 10 24 30 46 87
12 16 70
13 2 4 33 67 78 98
14 26 37 81 92
15 3 8 28
16 9 45 77
17 34 71 97
18 39 53 65 83
19 31 68 82
20 23 58 91
21 1 15 29 100
22 11 88
23 27 47
24 21 80 86
25 49 55 66
26 12 14 50
27 48 56 85
28 32 52
29 75 95
30 40 64
31 73 94
EOF