NAME : XML100_3163_04
DIMENSION : 101
NB_CLUSTERS : 34
CLUSTERING_ALG : KMeans
CLUSTERING_PARAMS : k(36)
CLUSTERS
1 0
2 12 34
3 1 59 98
4 16 22 31 94
5 21 45 47 57
6 43 93
7 14 61 83 84
8 3 39 42 49 87
9 23 69
10 10 35
11 27 40 78
12 5 68
13 24 71
14 6 52 81 96
15 19 33 38
16 29 76
17 48 54 64
18 18 25
19 62 85 88
20 4 15 86 100
21 89 99
22 36 53 60 74 92
23 70 75 91
24 13 44 55 63 65 77
25 41 50 97
26 32 58 73
27 37 51
28 66 82 90
29 9 28
30 8 30 72
31 2 11 80
32 17 56 95
33 7 20 67 79
34 26 46
EOF