NAME : XML100_1163_12
DIMENSION : 101
NB_CLUSTERS : 29
CLUSTERING_ALG : DBSCAN
CLUSTERING_PARAMS : eps(68), minSamples(3)
CLUSTERS
1 0
2 2 15 20 26 34 42 61 98
3 4 18 23 64 82 83 97
4 5 6 11 66 81 85
5 12 49 88
6 22 27 32 33 48 73 86
7 24 59 77 94
8 25 30 39 44 45 46 62 67 68 72 95
9 29 47 53
10 41 58 74 89 93 99
11 28 43 79
12 52 65
13 9 37
14 8 70
15 38 90
16 1 17 76
17 56 78
18 63 84
19 7 35 55
20 51 100
21 16 87 91
22 31 60
23 3 10 75
24 54 69 80
25 21 71
26 19 96
27 13 14 57
28 50 92
29 36 40
EOF