NAME : XML100_1146_24
DIMENSION : 101
NB_CLUSTERS : 32
CLUSTERING_ALG : DBSCAN
CLUSTERING_PARAMS : eps(31), minSamples(3)
CLUSTERS
1 0
2 56 62 68 80
3 2 4 46 55 81 84 85 90 93
4 10 40 88
5 28 38 67
6 20 26 34 48 49
7 11 22 63 72
8 7 27 32
9 1 45
10 23 54 78 96 97 100
11 41 42
12 6 64
13 15 31 37 70 75 76 99
14 5 53 89
15 9 18 69
16 21 52
17 60 65
18 17 87
19 57 86
20 13 25
21 43 91
22 14 44
23 3 16 95
24 8 12 51 73
25 19 24 39 58
26 47 82 92
27 29 74
28 35 59 61
29 36 50 77 79
30 94 98
31 33 66
32 30 71 83
EOF