NAME : XML100_3336_22
DIMENSION : 101
NB_CLUSTERS : 28
CLUSTERING_ALG : DBSCAN
CLUSTERING_PARAMS : eps(18), minSamples(3)
CLUSTERS
1 0
2 13 17 20 25 38 50 59
3 29 34 53 62 70
4 1 39 79
5 28 47 58 92
6 51 89
7 10 74 77 100
8 6 35 81
9 3 36 82 88
10 33 76
11 56 65
12 18 46 63
13 4 44 72 91 98 99
14 15 30 48
15 11 40 60 85 90
16 9 41 66 97
17 5 73 83 87
18 7 14 78 94
19 16 26 80
20 8 24 31 61 67
21 19 23 95
22 45 64 86 96
23 2 21 27 49
24 12 54 68 71 84
25 22 42 43
26 32 52
27 55 69 93
28 37 57 75
EOF