NAME : XML100_1132_09
DIMENSION : 101
NB_CLUSTERS : 34
CLUSTERING_ALG : KMeans
CLUSTERING_PARAMS : k(37)
CLUSTERS
1 0
2 27 44 49
3 18 70 86 92
4 71 85
5 7 25 81
6 16 78 89
7 5 67 73
8 11 32 52 62
9 14 58
10 38 76 84
11 4 15
12 1 17 65 93 96
13 10 60
14 36 37 39 74 90 100
15 2 88
16 63 66
17 6 28 34
18 43 77 95
19 31 40
20 20 50 56 57
21 9 55
22 41 51 79
23 3 22 29 61
24 48 68
25 12 42 59 97
26 83 87 94
27 33 69 80
28 26 82
29 21 54 72
30 8 24
31 64 98 99
32 30 45 47 75
33 19 23 53
34 13 35 46 91
EOF