NAME : XML100_3141_13
DIMENSION : 101
NB_CLUSTERS : 28
CLUSTERING_ALG : DBSCAN
CLUSTERING_PARAMS : eps(52), minSamples(3)
CLUSTERS
1 0
2 3 5 40 48 63 73
3 10 21 61 68 84 89
4 13 27 36 58
5 14 91 97
6 26 62 81 85
7 30 52 60 88
8 7 20 38 39 46 83
9 1 32 57 79 92
10 2 11 22 43 53 55 70 86 87
11 80 82
12 8 12 54 59 93
13 16 50
14 28 66
15 6 17
16 29 69 98
17 9 23 37 67 74
18 31 33 42 95
19 25 47 96
20 44 49 72 75 78
21 56 64 99
22 41 51
23 90 94
24 34 77
25 4 24
26 15 35 100
27 18 19
28 45 65 71 76
EOF