NAME : XML100_3133_08
DIMENSION : 101
NB_CLUSTERS : 29
CLUSTERING_ALG : DBSCAN
CLUSTERING_PARAMS : eps(57), minSamples(3)
CLUSTERS
1 0
2 1 3 29 42 93
3 2 35 36 80
4 4 13 91 98
5 8 20 25 53 63
6 11 12 19 75
7 15 40 62
8 18 44 86 88
9 30 47 77 83 99
10 57 66 69 95
11 46 67 84
12 22 27 50 59 74
13 5 41 60 65 78 82 100
14 38 87
15 7 24 52 96
16 34 79
17 23 76
18 51 94
19 49 92
20 6 56 68
21 16 33 85
22 28 55 81
23 21 71
24 17 39 61 90 97
25 10 31 73
26 32 58 64
27 14 26 70
28 9 37 45
29 43 48 54 72 89
EOF