NAME : XML100_1143_11
DIMENSION : 101
NB_CLUSTERS : 28
CLUSTERING_ALG : DBSCAN
CLUSTERING_PARAMS : eps(58), minSamples(3)
CLUSTERS
1 0
2 1 2 28 41 51 71
3 3 26 34 36 89
4 8 53 55 84
5 9 25 96
6 7 10 18 40 43 87 93 95
7 11 15 39 67 81
8 16 65 66 72 75
9 17 31 32 50 54 64 80 99
10 52 57 70 82
11 5 6 13 22 61 74 79
12 4 91
13 73 85 86
14 23 24 47 90
15 19 45 48
16 33 35 78
17 60 63 68
18 62 98
19 59 76 92
20 69 100
21 30 94
22 29 46
23 37 38 97
24 20 49 56 77
25 12 42 58
26 21 27
27 44 83
28 14 88
EOF