NAME : XML100_3175_04
DIMENSION : 101
NB_CLUSTERS : 27
CLUSTERING_ALG : DBSCAN
CLUSTERING_PARAMS : eps(66), minSamples(3)
CLUSTERS
1 0
2 1 13 18 24 56 63 65 70
3 7 25 37 42 79 87 100
4 2 8 14 19 73 89 95
5 9 33 86 98
6 3 10 38 39 75
7 4 16 30 71
8 20 44 60
9 26 52 61 96
10 29 36 72
11 28 31 34 41 43 50 55 74
12 5 6 49 76 81 94
13 27 46 67 77 82 83 84
14 35 69
15 15 45
16 11 80
17 57 58 62
18 22 91
19 66 92
20 21 32 47 90
21 23 51 88
22 40 68 97
23 48 64 93
24 12 78
25 17 54
26 85 99
27 53 59
EOF