NAME : XML100_3135_13
DIMENSION : 101
NB_CLUSTERS : 36
CLUSTERING_ALG : KMeans
CLUSTERING_PARAMS : k(43)
CLUSTERS
1 0
2 47 48 65 83 95
3 31 57 71
4 11 34 66 90
5 9 17 84
6 10 45 59
7 22 28 41 51
8 2 21 80
9 1 12 69
10 27 94
11 53 85
12 20 62 74
13 4 58 68 86 88
14 39 46
15 5 73 100
16 18 60
17 6 67
18 37 38 76 79
19 61 78
20 7 63 98
21 55 81 96
22 35 42 54
23 32 72 75
24 14 30 43 87 99
25 16 40 93
26 13 52
27 50 64
28 3 49 56
29 25 36 89
30 26 44
31 19 33
32 8 91
33 82 92
34 24 70
35 15 23 77
36 29 97
EOF