NAME : XML100_3142_20
DIMENSION : 101
NB_CLUSTERS : 37
CLUSTERING_ALG : DBSCAN
CLUSTERING_PARAMS : eps(65), minSamples(3)
CLUSTERS
1 0
2 4 35 41
3 5 34 44 51 87
4 7 28 74
5 17 58 69
6 31 88 89
7 67 73 76 81 93 95
8 55 71 83
9 37 40 65 85
10 3 11 90
11 29 53 57 77 96
12 13 22
13 18 64
14 16 43
15 68 70
16 60 78
17 38 86 94
18 30 84
19 12 15
20 23 54 91
21 14 42
22 25 63
23 36 82
24 27 47 61
25 19 39 52
26 26 62
27 1 9 46 79
28 21 97
29 6 32 75
30 50 72
31 45 56
32 10 49 66
33 20 24
34 2 33 100
35 80 92
36 8 98
37 48 59 99
EOF