NAME : XML100_1135_19
DIMENSION : 101
NB_CLUSTERS : 38
CLUSTERING_ALG : KMeans
CLUSTERING_PARAMS : k(40)
CLUSTERS
1 0
2 24 92
3 65 66
4 23 51
5 3 50 85
6 14 42 53 59 70 73
7 11 45 90
8 44 49 75
9 12 21 77 83 98
10 43 81 89
11 16 17 19 95
12 15 25
13 4 37 100
14 26 93 99
15 8 10 18 22 97
16 38 40 52 68
17 62 67
18 63 82 84
19 30 94
20 34 36 41 64 79
21 7 80
22 32 48 57
23 29 56
24 1 13
25 31 72
26 46 74
27 54 55
28 71 86 88
29 6 39
30 9 58
31 78 91
32 27 47
33 60 87
34 61 69
35 2 76
36 5 35
37 20 28
38 33 96
EOF