NAME : XML100_1136_15
DIMENSION : 101
NB_CLUSTERS : 28
CLUSTERING_ALG : DBSCAN
CLUSTERING_PARAMS : eps(62), minSamples(3)
CLUSTERS
1 0
2 1 28 47 72
3 3 19 26 40 62 70 74 79 88 92
4 5 13 37 44 71 86
5 10 24 29 58 81 82 89
6 12 17 27 52 55 60 67
7 18 38 99
8 9 21 31 66
9 49 51 87
10 43 61 73 77 95
11 34 75
12 30 41 78 97
13 15 23 50
14 4 14 33
15 11 100
16 42 65
17 16 22 46 80
18 69 84
19 8 45 59 93 94
20 20 39 64
21 6 54
22 25 32 91
23 57 68 76
24 7 35 63
25 48 53 83
26 2 85 96
27 56 98
28 36 90
EOF