NAME : XML100_2172_13
DIMENSION : 101
NB_CLUSTERS : 34
CLUSTERING_ALG : KMeans
CLUSTERING_PARAMS : k(38)
CLUSTERS
1 0
2 46 52
3 50 62
4 34 56 81
5 40 68 73
6 22 36 57 83
7 33 41 92
8 17 20 47
9 82 85
10 10 11 78
11 35 39 94
12 1 19 54 77
13 3 59
14 48 58 63 95
15 24 61 64
16 18 32 43
17 13 88 96
18 16 23 74 76
19 12 80
20 4 51
21 45 66 86
22 6 9 30 37 42
23 14 71 90
24 27 31
25 29 44 72 75 91
26 67 69
27 8 25 26 49 100
28 60 98
29 5 55 93
30 2 21 53 70
31 15 79
32 84 89 99
33 7 97
34 28 38 65 87
EOF