NAME : XML100_1146_13
DIMENSION : 101
NB_CLUSTERS : 30
CLUSTERING_ALG : DBSCAN
CLUSTERING_PARAMS : eps(26), minSamples(3)
CLUSTERS
1 0
2 67 78 93
3 26 37 44 60 69 83 90
4 17 65 70
5 19 62
6 11 12 22 63
7 33 38 42 58 98
8 13 34 56
9 2 16 25 77
10 4 51 87
11 49 96 100
12 85 92
13 47 48
14 30 32 43 68 71 72 81
15 45 55 94
16 5 9 14 27 79
17 29 31 39 95
18 73 76 84 97
19 3 80
20 61 64 89
21 50 59 74 99
22 21 41 54 86
23 10 15 23
24 7 35 91
25 6 24 40
26 18 53
27 75 82 88
28 8 20 36
29 52 57
30 1 28 46 66
EOF