NAME : XML100_1145_23
DIMENSION : 101
NB_CLUSTERS : 29
CLUSTERING_ALG : DBSCAN
CLUSTERING_PARAMS : eps(52), minSamples(3)
CLUSTERS
1 0
2 1 39 45 50 93
3 2 26 42 49 60 65 96
4 6 52 84 98
5 7 11 29 41 58 83 89
6 25 37 46 66 85 87
7 3 27 76 88
8 12 14 28 33 40 80 82 97 100
9 19 38 61
10 16 56 77
11 4 17 32 73 79 99
12 34 36 43 54
13 31 59
14 13 62 67 81
15 35 44
16 18 21
17 53 74
18 22 68
19 5 71 95
20 10 86 91 92
21 8 51 70
22 55 94
23 20 30 75
24 57 78
25 9 69
26 48 64
27 23 47 90
28 24 63
29 15 72
EOF