NAME : XML100_1325_03
DIMENSION : 101
NB_CLUSTERS : 28
CLUSTERING_ALG : DBSCAN
CLUSTERING_PARAMS : eps(39), minSamples(3)
CLUSTERS
1 0
2 9 21 60 63 88 90 97
3 30 34 49 72 86
4 2 35 73 74 81 85
5 4 15 36 37 62 66 68 89 94 100
6 26 38 39 53 87
7 17 55
8 5 44 48
9 12 64
10 18 24 59 76 77 82 91
11 1 29 33 56
12 22 79 96
13 27 95
14 43 54 71 84
15 14 19
16 11 13 50 65 67
17 8 23 47
18 31 40
19 57 75
20 6 10
21 41 42 46 78 80
22 61 93
23 7 52 58 69 98
24 20 25 51
25 3 83
26 45 70 99
27 16 32
28 28 92
EOF