NAME : XML100_3142_12
DIMENSION : 101
NB_CLUSTERS : 31
CLUSTERING_ALG : DBSCAN
CLUSTERING_PARAMS : eps(50), minSamples(3)
CLUSTERS
1 0
2 1 5 75 89
3 2 77 100
4 12 94 98
5 9 15 41 57
6 16 23 25 40 50 69 80 90
7 42 53 63 71 91 95
8 59 74 76
9 7 10 55 88
10 17 38 48 52 62 99
11 51 87
12 30 36 61
13 3 31
14 37 83
15 24 67 81
16 21 45 73
17 35 60 70
18 6 66 93
19 11 39 44 56 72 86
20 32 96
21 8 22 34 47 49 68
22 13 26 28
23 4 19 29 46
24 82 92
25 54 64
26 14 43
27 27 33
28 79 84
29 20 65 85
30 18 97
31 58 78
EOF