NAME : XML100_3116_18
DIMENSION : 101
NB_CLUSTERS : 33
CLUSTERING_ALG : KMeans
CLUSTERING_PARAMS : k(35)
CLUSTERS
1 0
2 25 86 89
3 29 43 76 83
4 9 54 79 93 97
5 28 84
6 56 88
7 13 46 65 85
8 6 27 96
9 41 70
10 5 36 49 77 78 91
11 38 94
12 22 75
13 1 19 52 61 62
14 10 18 47 71 99
15 35 37 100
16 14 33 68
17 26 81
18 12 40 67 72
19 24 51 60 69 74
20 4 16 17 50 55
21 3 15
22 30 34 95
23 20 63
24 11 32 80 82
25 90 92
26 42 87 98
27 21 59
28 2 39 64
29 7 58
30 23 45 53 66
31 44 73
32 48 57
33 8 31
EOF