NAME : XML100_3162_11
DIMENSION : 101
NB_CLUSTERS : 29
CLUSTERING_ALG : DBSCAN
CLUSTERING_PARAMS : eps(67), minSamples(3)
CLUSTERS
1 0
2 1 17 62
3 4 14 66 71 72 74 77 78
4 6 48 57 67
5 9 28 89 90
6 5 10 39 45
7 16 35 49 58 83 86 87
8 7 23 50 75 98
9 24 54 65 85 88 91
10 19 20 26 40 52 64 93 96
11 44 53 94
12 13 15
13 34 41
14 70 84
15 21 95
16 22 31
17 69 97 99
18 38 60 68
19 11 42 43 47
20 29 30 46
21 18 33 73
22 2 12 36 80
23 3 51 56
24 8 61 82
25 79 100
26 27 55 59
27 81 92
28 32 37 63
29 25 76
EOF