NAME : XML100_3151_05
DIMENSION : 101
NB_CLUSTERS : 30
CLUSTERING_ALG : DBSCAN
CLUSTERING_PARAMS : eps(64), minSamples(3)
CLUSTERS
1 0
2 4 25 82 89
3 5 30 51
4 7 60 71 77 86
5 13 35 40 98
6 14 29 68 78 79
7 16 75 97
8 15 28 74
9 42 55 80 84 87
10 10 39 49
11 11 17 33 45 54 66 81 93
12 56 73 92
13 6 59 67
14 3 47 72
15 32 76 94 99
16 20 52 85 90 91
17 23 43
18 9 12
19 8 69
20 18 38 61
21 62 83 95
22 1 21
23 44 57
24 22 26
25 2 19 24 27 65
26 31 34 36 50 63 64 70 100
27 41 48
28 46 88
29 53 58
30 37 96
EOF