NAME : XML100_1123_08
DIMENSION : 101
NB_CLUSTERS : 30
CLUSTERING_ALG : DBSCAN
CLUSTERING_PARAMS : eps(37), minSamples(3)
CLUSTERS
1 0
2 3 11 56
3 5 18 78 91
4 23 33 61 85
5 31 73 74 93
6 17 21 27 41 45 46 52 72 79
7 25 42 75 76 88 99
8 40 60 81
9 53 90
10 13 82
11 80 84
12 43 49 97
13 1 14 65
14 19 39
15 6 9 34 51 64
16 24 71 86 89
17 10 15 20 37 57 63 66
18 59 96
19 2 7 38 54
20 47 67 92 94
21 4 12 26 95
22 48 83
23 44 50 62
24 8 16 68
25 28 55 87
26 35 100
27 22 58 69
28 36 70 77
29 29 98
30 30 32
EOF