NAME : XML100_1372_16
DIMENSION : 101
NB_CLUSTERS : 32
CLUSTERING_ALG : DBSCAN
CLUSTERING_PARAMS : eps(25), minSamples(3)
CLUSTERS
1 0
2 1 6 40 67
3 3 12 13 52 62 69 71 85
4 7 17 36 76
5 5 28 65 78 86 88 92
6 50 98
7 22 56 74 77 87
8 41 59 70
9 11 49 58
10 25 30 37 38 72 83
11 23 27
12 54 84
13 45 51 96
14 33 42
15 16 46
16 14 57
17 32 43 60 79
18 2 9 66 95
19 8 63 80
20 39 94
21 21 73 81
22 10 89 97
23 15 31 35 48
24 26 55 99
25 44 68
26 4 19
27 24 53 64
28 34 61
29 20 75
30 18 29 47 90
31 82 100
32 91 93
EOF