NAME : XML100_2332_22
DIMENSION : 101
NB_CLUSTERS : 30
CLUSTERING_ALG : DBSCAN
CLUSTERING_PARAMS : eps(39), minSamples(3)
CLUSTERS
1 0
2 4 10 61 64 72
3 13 27 32 36 47 57
4 14 40 46 90
5 18 37 38 66 77 87 96
6 43 63 86 100
7 23 42 53 67 70 73 76 85
8 8 11 65 79 98
9 12 83 84
10 30 80
11 29 45 74
12 28 33 34
13 55 81
14 1 56 69 75 97
15 16 26 82 88 93
16 31 89
17 20 41 62 95
18 2 19
19 5 59
20 68 99
21 21 22 94
22 35 92
23 6 49
24 9 17 24 52 91
25 39 78
26 15 48
27 7 25
28 51 60 71
29 50 54 58
30 3 44
EOF