NAME : XML100_2126_09
DIMENSION : 101
NB_CLUSTERS : 30
CLUSTERING_ALG : DBSCAN
CLUSTERING_PARAMS : eps(59), minSamples(3)
CLUSTERS
1 0
2 4 23 47 53
3 5 15 86 100
4 8 9 10 69 91
5 12 25 81 83
6 18 19 30 33 45 49 71 79 87
7 31 85 89
8 40 54 94
9 57 60 61 76
10 63 74 92
11 65 82 96
12 28 55 75
13 1 11 77 78 88
14 2 3 26 50 64 70
15 32 42 80
16 29 62 84
17 14 58
18 17 24 27
19 6 52
20 34 46 48 73 95
21 16 20 51 66 98
22 21 43
23 67 99
24 36 41 59 97
25 56 72
26 13 37
27 35 38 44
28 22 93
29 7 90
30 39 68
EOF