NAME : XML100_1136_06
DIMENSION : 101
NB_CLUSTERS : 35
CLUSTERING_ALG : DBSCAN
CLUSTERING_PARAMS : eps(45), minSamples(3)
CLUSTERS
1 0
2 22 50 83 94
3 3 25 32 57 77 82
4 12 13
5 16 54
6 41 61 65
7 44 86
8 68 85 98
9 6 69
10 74 76
11 95 96
12 31 97
13 26 48 52
14 7 73
15 37 63 88
16 5 71
17 9 15 18 30 33
18 49 67
19 21 42 78 93
20 2 24 46
21 10 81 84 90 92
22 17 23 80
23 8 19
24 1 29 36 39 62 70 100
25 53 59
26 20 51 58 79
27 4 28 56
28 75 89
29 27 34 91
30 40 60
31 11 66 72
32 43 45 47
33 14 99
34 38 55 87
35 35 64
EOF