NAME : XML100_1135_13
DIMENSION : 101
NB_CLUSTERS : 31
CLUSTERING_ALG : DBSCAN
CLUSTERING_PARAMS : eps(55), minSamples(3)
CLUSTERS
1 0
2 7 26 41 84
3 10 16 71 85
4 13 14 42 53 61 93
5 12 18 19 70 88
6 23 25 59 89
7 17 37 40 43 65
8 39 60 77 78
9 9 22 33 45 46 50 67 81
10 27 28 31 44 64 69 73 87
11 1 52 79
12 76 80
13 32 62 92
14 54 68
15 83 86
16 4 49
17 98 100
18 11 99
19 15 72
20 5 35
21 56 75
22 30 36 55
23 20 91
24 57 74
25 6 94
26 2 38 48 51 82 90
27 95 96
28 3 24
29 29 63 97
30 47 58
31 8 21 34 66
EOF