NAME : XML100_3163_11
DIMENSION : 101
NB_CLUSTERS : 31
CLUSTERING_ALG : DBSCAN
CLUSTERING_PARAMS : eps(29), minSamples(3)
CLUSTERS
1 0
2 36 37 41 46 54 89
3 9 10 14 28 74 75 83 93
4 2 32 65
5 19 31 79 94
6 23 63 80 86
7 20 52 72
8 67 90 99
9 50 53
10 22 69 95
11 1 82
12 3 17 24 34 42 78 84 100
13 35 64 68
14 45 71 81 98
15 44 77
16 18 27 48
17 26 58 85
18 30 51 56
19 4 57 73
20 8 39
21 11 38 60
22 43 91 97
23 6 13 25 29 47
24 5 49 61 92
25 7 15
26 59 87
27 33 55 70 88
28 21 76
29 12 66
30 40 96
31 16 62
EOF