NAME : XML100_3123_02
DIMENSION : 101
NB_CLUSTERS : 28
CLUSTERING_ALG : DBSCAN
CLUSTERING_PARAMS : eps(48), minSamples(3)
CLUSTERS
1 0
2 2 40 60 63 64 73 76
3 5 17 25 65
4 15 20 84 96
5 3 26 56 59 62 85 97
6 4 31 35 41 55 66
7 1 33 44 47
8 37 45 58 86
9 8 12 48 50 51 67
10 11 13 16 43 53 74 83 88
11 10 72
12 87 95
13 27 46 90
14 42 79 89
15 6 99
16 14 19 71 82
17 21 80
18 28 39 77
19 52 100
20 9 23 30
21 69 93
22 7 57
23 75 78
24 24 36 68 81
25 18 22 32 34 94 98
26 61 92
27 29 49
28 38 54 70 91
EOF