NAME : XML100_3156_14
DIMENSION : 101
NB_CLUSTERS : 32
CLUSTERING_ALG : DBSCAN
CLUSTERING_PARAMS : eps(49), minSamples(3)
CLUSTERS
1 0
2 5 7 22 37 45 47 72
3 11 12 43 54 71
4 14 23 31 61
5 6 19 38 52
6 3 35 49 60 82
7 15 17 42 63 73 97
8 30 39 64 74
9 4 18 85 99
10 1 89
11 78 96
12 9 20 87
13 48 51
14 36 46 69 76 93
15 25 58
16 13 55 79 91 100
17 2 16 44
18 41 50
19 10 84
20 27 28 70 80
21 81 94
22 33 77
23 66 75 86
24 62 67
25 56 68 90
26 8 53 95
27 26 88
28 57 59 98
29 21 32 65
30 29 83
31 24 40
32 34 92
EOF