NAME : XML100_1141_23
DIMENSION : 101
NB_CLUSTERS : 34
CLUSTERING_ALG : DBSCAN
CLUSTERING_PARAMS : eps(44), minSamples(3)
CLUSTERS
1 0
2 2 20 24 43 79 85
3 14 40 44 59 78
4 8 21 49 71 96
5 1 12 25 45 50 67 73 75
6 13 26 54
7 34 89
8 5 82
9 47 97
10 27 33 66
11 6 38 46 58 61 86
12 41 62
13 19 99
14 10 68
15 3 17 57 76
16 28 51 65
17 15 23 88
18 64 81
19 52 84
20 29 94
21 30 42 60
22 4 18
23 9 95
24 80 87
25 32 36 53
26 16 63 83
27 48 92
28 7 70 100
29 11 31 69
30 22 35 55 90 98
31 77 93
32 37 72
33 74 91
34 39 56
EOF