NAME : XML100_3156_01
DIMENSION : 101
NB_CLUSTERS : 33
CLUSTERING_ALG : KMeans
CLUSTERING_PARAMS : k(38)
CLUSTERS
1 0
2 7 62 67 88
3 51 84
4 28 47 70 98
5 20 33
6 66 68 83 91
7 4 40 77 79 92
8 2 29 56 69 75
9 12 61 86
10 27 31 87
11 43 89
12 8 17 37
13 78 81
14 23 26 44
15 63 85
16 3 11 19 100
17 34 71 90 94
18 48 64
19 24 30 55 99
20 21 65 72
21 9 22
22 35 46 73
23 13 41
24 25 54
25 1 5 39
26 6 16 18
27 10 60 74
28 36 50 80 96
29 53 57 93
30 52 82
31 15 32 45 97
32 38 42 49 76 95
33 14 58 59
EOF