NAME : XML100_3375_04
DIMENSION : 101
NB_CLUSTERS : 28
CLUSTERING_ALG : DBSCAN
CLUSTERING_PARAMS : eps(19), minSamples(3)
CLUSTERS
1 0
2 4 19 70
3 7 8 16 17 26 31 45 47 54 65 67 69 78 86 87 88 89 95
4 44 57
5 37 74 77 81
6 33 84 100
7 21 30 76
8 38 55
9 43 58 72
10 52 68 79
11 24 29 41 73 83
12 3 9 14 50
13 11 20 85
14 5 49 51 60
15 18 36 63 66 80 91 97 98 99
16 23 46 90
17 12 42
18 2 25
19 64 75
20 1 13 32 39 56
21 48 59
22 71 92
23 6 61 94
24 27 28 96
25 40 82
26 10 53
27 22 62
28 15 34 35 93
EOF