NAME : XML100_1176_05
DIMENSION : 101
NB_CLUSTERS : 30
CLUSTERING_ALG : DBSCAN
CLUSTERING_PARAMS : eps(52), minSamples(3)
CLUSTERS
1 0
2 1 44 48 66 78
3 2 4 17 28 52 55 64 74 96
4 9 84 88 97
5 11 16 31 51 58 82
6 21 23 29 37 39 63
7 34 36 56
8 3 38 57 86
9 43 47 70
10 45 73 80 92
11 46 49 65 76 87 98
12 53 93
13 71 85
14 8 13 60 75
15 5 12 20
16 15 50 81 94
17 27 83
18 67 68
19 26 33
20 24 30 54 61 62 100
21 59 89
22 22 90
23 40 77 79
24 18 72
25 14 42
26 7 32 35 91
27 6 19
28 69 95
29 10 99
30 25 41
EOF