NAME : XML100_1136_19
DIMENSION : 101
NB_CLUSTERS : 27
CLUSTERING_ALG : DBSCAN
CLUSTERING_PARAMS : eps(74), minSamples(3)
CLUSTERS
1 0
2 1 5 12 17 38 43 61
3 3 25 59 60 100
4 4 8 10 19 27 65 82 91 97
5 6 9 34 57 66 67
6 7 14 39 41 99
7 16 32 42 47 83 86 98
8 20 58 79 80
9 23 31 37 40 85 87 90
10 24 72 75
11 18 36 53 74
12 52 63 78 84
13 2 21 44 51 92 93
14 49 55
15 76 96
16 26 46 71
17 81 95
18 64 89
19 13 54 94
20 11 30 62 73
21 45 69
22 56 88
23 22 50
24 15 70
25 48 68
26 28 29
27 33 35 77
EOF