NAME : XML100_3154_11
DIMENSION : 101
NB_CLUSTERS : 29
CLUSTERING_ALG : DBSCAN
CLUSTERING_PARAMS : eps(44), minSamples(3)
CLUSTERS
1 0
2 3 18 34 35
3 5 15 43 55 72 96
4 11 13 19 29 39 42
5 38 63 74 76
6 16 24 30 36 41 50 53
7 17 44 45 67 71
8 1 59 83 84 89 97
9 40 54 70 95
10 27 73
11 10 62
12 14 66
13 32 49 58 79 91
14 20 64 88 94
15 2 12 85
16 21 65
17 57 68 81 100
18 7 37 51 87 90
19 61 78
20 52 82
21 33 48 60 77 99
22 22 86
23 4 6 93
24 8 9 31
25 47 75 98
26 23 56
27 46 69
28 26 28
29 25 80 92
EOF