NAME : XML100_3153_12
DIMENSION : 101
NB_CLUSTERS : 32
CLUSTERING_ALG : DBSCAN
CLUSTERING_PARAMS : eps(38), minSamples(3)
CLUSTERS
1 0
2 1 19 22 36 73 75 93
3 21 26 54 95
4 46 71 86
5 49 78 99
6 16 30 34 42 68 80
7 60 62 100
8 14 32 97
9 28 87
10 20 63 96
11 24 39 94
12 3 43 67 88 98
13 8 15
14 45 58
15 29 50 52 79
16 51 81
17 27 37 61 72 77
18 7 9 69 90
19 17 66 76 85
20 38 84
21 44 82
22 4 55 59
23 25 53 64 91
24 33 65 70
25 2 5 47 57
26 6 48 89
27 18 35
28 23 31 56 74
29 11 40
30 41 92
31 10 12
32 13 83
EOF