NAME : XML100_3145_08
DIMENSION : 101
NB_CLUSTERS : 34
CLUSTERING_ALG : DBSCAN
CLUSTERING_PARAMS : eps(57), minSamples(3)
CLUSTERS
1 0
2 2 12 31 62 75 94 99 100
3 1 5 35 51 74
4 16 40 44 52 59 79 81
5 10 17 21
6 11 20 22 29 87
7 42 56 64 80
8 3 46 72
9 48 55 60 76 77 83
10 50 97
11 7 45
12 53 95
13 26 84
14 13 28
15 4 37 66
16 36 47
17 65 85
18 39 71 93
19 19 63
20 27 61 89 98
21 8 23 68
22 34 58 82
23 6 54 86
24 41 67 96
25 14 70
26 25 57
27 9 15
28 24 73
29 30 91
30 18 38 43
31 69 78
32 32 88
33 49 90
34 33 92
EOF