NAME : XML100_3171_15
DIMENSION : 101
NB_CLUSTERS : 35
CLUSTERING_ALG : DBSCAN
CLUSTERING_PARAMS : eps(40), minSamples(3)
CLUSTERS
1 0
2 25 44 60 71
3 29 50 56 82 96
4 31 51 81
5 38 63 72
6 5 37 92
7 7 62
8 32 66
9 4 86 100
10 11 78 79
11 28 54
12 67 76
13 3 13 97
14 43 47
15 40 45
16 18 41 91
17 30 42 59
18 22 27 69 85
19 8 49
20 53 55 64 93
21 12 61
22 15 35 74
23 33 84 89
24 2 73 95
25 21 34 46 98
26 17 20 83 88
27 80 90
28 36 70 94
29 10 23 24 26
30 19 39 48
31 52 77 99
32 6 58 65
33 1 68
34 16 57 75 87
35 9 14
EOF