NAME : XML100_3372_16
DIMENSION : 101
NB_CLUSTERS : 30
CLUSTERING_ALG : DBSCAN
CLUSTERING_PARAMS : eps(23), minSamples(3)
CLUSTERS
1 0
2 3 29 65 69 92
3 7 12 17 21 31 32 42 58 85
4 11 24 93 100
5 6 18 33 34 37 49 67 98
6 80 95
7 20 46
8 4 25
9 41 51 75
10 15 48 50
11 30 36 55
12 9 38 81 83
13 26 60 64 71
14 70 94
15 1 44 73 87 96 99
16 2 27 68
17 54 63 88
18 19 52 56 78 90
19 5 22 89
20 39 61 86 91
21 16 59
22 28 66 72
23 47 79
24 43 53 57 62
25 8 13 82
26 14 77
27 23 45
28 10 76
29 84 97
30 35 40 74
EOF