NAME : XML100_2266_22
DIMENSION : 101
NB_CLUSTERS : 30
CLUSTERING_ALG : DBSCAN
CLUSTERING_PARAMS : eps(14), minSamples(3)
CLUSTERS
1 0
2 1 36 63 76 81
3 5 13 57 75 77
4 14 29 40 64
5 4 32 79 83 90
6 2 20 23 31 45 54 56 60 88
7 34 62 78 91
8 19 28 46 65
9 30 87
10 51 96
11 93 100
12 6 9 41 44 52 94
13 35 48 82
14 10 69 86 89
15 27 85
16 3 59 80
17 8 67
18 15 58 61
19 38 39 50
20 12 42
21 22 37
22 21 53 55 74 99
23 7 68
24 16 66
25 18 49 72 97
26 26 33 73
27 70 71 98
28 11 17 25
29 47 92 95
30 24 43 84
EOF