NAME : XML100_3171_26
DIMENSION : 101
NB_CLUSTERS : 34
CLUSTERING_ALG : KMeans
CLUSTERING_PARAMS : k(38)
CLUSTERS
1 0
2 4 6 33 46 71
3 18 40 60
4 34 42
5 5 84 85
6 21 37 50
7 17 47 80 89
8 8 28 68 77
9 27 72
10 3 7 11 44 45 96 98
11 13 70
12 56 86
13 57 63 67
14 1 43 78
15 20 39 53 58 59 64 92
16 9 88
17 62 69 90
18 10 74
19 14 24 73
20 2 81
21 65 76
22 22 49
23 66 82 100
24 30 32 91
25 51 87
26 19 75 79 95
27 16 36 54
28 25 31
29 29 48 83
30 38 41
31 52 97
32 12 94
33 15 26 35
34 23 55 61 93 99
EOF