NAME : XML100_3341_01
DIMENSION : 101
NB_CLUSTERS : 31
CLUSTERING_ALG : DBSCAN
CLUSTERING_PARAMS : eps(37), minSamples(3)
CLUSTERS
1 0
2 7 40 42 50 73 83 94
3 61 68 70 84 91
4 12 24 59 63 66 76 77
5 10 58 79 82 88
6 8 18 21 25 29 39 85 99
7 31 60 78
8 5 33
9 6 55 80
10 23 30 64 93
11 46 95
12 51 75
13 27 54 56
14 32 47 69
15 13 15 49
16 11 100
17 45 71
18 65 74
19 22 90 96
20 44 98
21 2 9 20 89
22 1 87
23 4 14
24 37 38 67
25 36 43 53 97
26 35 52 72
27 17 62
28 3 34 86
29 16 41
30 28 48
31 19 26 57 81 92
EOF