NAME : XML100_1375_19
DIMENSION : 101
NB_CLUSTERS : 28
CLUSTERING_ALG : DBSCAN
CLUSTERING_PARAMS : eps(38), minSamples(3)
CLUSTERS
1 0
2 3 21 39 55 69 87
3 11 37 65 100
4 7 13 15 33 57 79
5 14 22 28 45 62 72 81 84
6 1 26 40 41 68
7 2 47 86 91
8 5 17 18 20 36 42 49
9 58 94
10 24 85 99
11 31 73
12 9 19 34 46 76 89 97
13 60 63 88
14 4 23 71 78
15 92 98
16 6 29 44 70 93
17 16 48
18 43 83
19 30 50 53 82
20 12 27 56 66 95
21 35 52 64
22 8 74
23 25 67
24 61 90
25 32 96
26 10 38 59 80
27 54 77
28 51 75
EOF