NAME : XML100_3173_08
DIMENSION : 101
NB_CLUSTERS : 31
CLUSTERING_ALG : DBSCAN
CLUSTERING_PARAMS : eps(38), minSamples(3)
CLUSTERS
1 0
2 7 12 42 50 56
3 33 41 69 86
4 1 34 54 59 84 99
5 29 45 64 67 87 92 96
6 14 21
7 63 73 90
8 25 46 57 80 89
9 11 40 49 77 82
10 75 95
11 6 31
12 37 38 44 76 85
13 13 60 68 81
14 55 72 93
15 17 23 61
16 10 47 71
17 39 66
18 4 20 70 94 100
19 43 51 65
20 3 53
21 9 36 83
22 15 78
23 8 19 26 98
24 27 35
25 16 62 88 97
26 2 22 52
27 18 28 58
28 30 79
29 32 91
30 24 48
31 5 74
EOF