NAME : XML100_3136_11
DIMENSION : 101
NB_CLUSTERS : 35
CLUSTERING_ALG : KMeans
CLUSTERING_PARAMS : k(37)
CLUSTERS
1 0
2 30 37 89
3 21 71
4 10 27 45 48
5 5 20 40
6 57 58 65 73 94
7 61 99
8 43 88 90
9 11 13 23 26 93
10 53 72
11 2 47 49 55 66
12 19 42 79
13 17 56
14 14 46 62 67
15 32 51 81 85
16 7 75
17 8 63
18 18 76 80 86
19 64 84 98
20 4 38 44 70 78
21 9 33 36 54 97
22 28 29
23 39 68 82
24 59 92
25 25 96
26 1 31 95
27 16 77
28 12 34
29 35 41
30 69 87
31 3 60
32 22 24
33 15 50
34 52 74 83
35 6 91 100
EOF