NAME : XML100_3154_20
DIMENSION : 101
NB_CLUSTERS : 36
CLUSTERING_ALG : KMeans
CLUSTERING_PARAMS : k(38)
CLUSTERS
1 0
2 36 47
3 24 25 63 67 69
4 40 78 86 89
5 31 72 88
6 5 6 27
7 42 62 90 95
8 20 45 60 81
9 61 93
10 10 53 98
11 13 29 32
12 11 23 37 44
13 22 65 79 84
14 16 19 34
15 2 48 54 74 83
16 3 87 100
17 1 51 66 91
18 8 12 14 26
19 18 75
20 21 76
21 82 85 97
22 35 43
23 41 92
24 39 59
25 50 77
26 4 28
27 46 56 64
28 30 55
29 33 68
30 9 38
31 7 52 73 80
32 15 49
33 71 94
34 17 99
35 57 96
36 58 70
EOF