NAME : XML100_3323_18
DIMENSION : 101
NB_CLUSTERS : 28
CLUSTERING_ALG : DBSCAN
CLUSTERING_PARAMS : eps(40), minSamples(3)
CLUSTERS
1 0
2 5 31 34 35 64 86
3 9 12 26 32 46 77 96
4 13 16 68 83
5 17 22 43 73 75 90
6 25 33 38 45 51 61 93
7 7 52 74 82 84
8 1 15 60
9 27 37 49 69 71 94
10 18 48 95
11 4 59 99
12 36 44
13 8 62
14 14 55 70
15 81 100
16 3 11 53 67 98
17 10 21 29 47
18 57 92
19 20 63 97
20 39 50 56
21 23 87 91
22 24 54 65
23 6 28 30 66 85
24 42 58 88
25 19 40 76 89
26 72 78
27 2 41
28 79 80
EOF