NAME : XML100_2365_22
DIMENSION : 101
NB_CLUSTERS : 31
CLUSTERING_ALG : DBSCAN
CLUSTERING_PARAMS : eps(34), minSamples(3)
CLUSTERS
1 0
2 2 48 50 91
3 6 16 25 26 32 34 52 67 70 74 80 94
4 8 9 13 45
5 35 53 54 57 77 79 92
6 37 98
7 22 49
8 42 62
9 21 69
10 15 36 89
11 60 81
12 17 65
13 30 99
14 31 71 78
15 27 59 63 82 90
16 66 100
17 29 85
18 14 18 43 61 88 96
19 46 51 64 84 86
20 12 24 97
21 56 75
22 4 20 72
23 23 44 93
24 28 33
25 68 73 87 95
26 39 58
27 5 38 47
28 7 10 11 76
29 3 55
30 1 41 83
31 19 40
EOF