NAME : XML100_1354_17
DIMENSION : 101
NB_CLUSTERS : 30
CLUSTERING_ALG : DBSCAN
CLUSTERING_PARAMS : eps(26), minSamples(3)
CLUSTERS
1 0
2 25 30 33 37 45 63 80 86 87
3 2 6 19 28 29 57 58 62 70 74 83 89 97
4 13 18 40
5 20 24
6 15 42 46 71
7 4 35 64
8 11 31 95
9 16 69 72
10 39 65 94
11 21 26 52 60 66
12 49 92 96
13 3 10 43 79
14 32 78
15 5 54
16 1 22 67 90
17 68 75
18 9 27 36
19 34 76
20 12 91
21 38 53 59 77 88
22 8 47 100
23 81 85
24 17 48
25 14 93
26 56 73
27 41 55
28 7 44 50
29 23 84
30 51 61 82 98 99
EOF