NAME : XML100_3173_15
DIMENSION : 101
NB_CLUSTERS : 34
CLUSTERING_ALG : DBSCAN
CLUSTERING_PARAMS : eps(49), minSamples(3)
CLUSTERS
1 0
2 7 11 73
3 18 59 60 72 81
4 10 20 24 63
5 19 22 45 53
6 4 27 28 56 78
7 30 33 54 64
8 32 40 68 80
9 34 65 76 98
10 1 42 94
11 8 15 21 26 86 97
12 49 87
13 36 62 83
14 3 37
15 51 75
16 25 88
17 17 44 93
18 39 47 48 90
19 16 91
20 66 70 71
21 79 96
22 9 29 35 55
23 43 57 58 89
24 14 61
25 12 50
26 2 38 95
27 23 46 69
28 5 31
29 6 41 82
30 84 85
31 74 77
32 52 99
33 13 92
34 67 100
EOF