NAME : XML100_2124_14
DIMENSION : 101
NB_CLUSTERS : 29
CLUSTERING_ALG : DBSCAN
CLUSTERING_PARAMS : eps(53), minSamples(3)
CLUSTERS
1 0
2 1 71 86 92 96
3 2 5 27 35 50 73 84 91
4 3 13 72 81
5 6 25 53 89
6 15 21 30
7 33 48 54 62 78
8 31 49 67 85 93
9 20 26 45 56 66 76
10 11 22 46 47 59 69 79
11 34 36 94
12 32 60
13 40 63
14 9 98
15 18 29 52
16 38 39 42 43
17 8 70 83 88
18 10 16 61
19 64 74
20 12 58
21 7 87
22 28 51
23 37 55 68 80
24 77 100
25 17 41 44 82 99
26 14 75
27 19 23 24 65 90
28 57 97
29 4 95
EOF