NAME : XML100_3155_14
DIMENSION : 101
NB_CLUSTERS : 31
CLUSTERING_ALG : DBSCAN
CLUSTERING_PARAMS : eps(42), minSamples(3)
CLUSTERS
1 0
2 10 54 62
3 12 18 52 86
4 11 15 29 32 44 79 99
5 19 57 85 94
6 27 68 81
7 9 14 31 48 58 92 100
8 6 34 78
9 4 13 61
10 21 22 42 64 76
11 39 50 59 65
12 23 26
13 36 47 60 83
14 20 66 72
15 89 91
16 53 87
17 2 46
18 1 17 35 69 74 75 77
19 30 40 90
20 8 24 56
21 45 55 63 84
22 70 88 93
23 5 41
24 95 96
25 7 38
26 73 82
27 28 37 97 98
28 33 49 51 80
29 3 71
30 16 67
31 25 43
EOF