NAME : XML100_3165_23
DIMENSION : 101
NB_CLUSTERS : 30
CLUSTERING_ALG : DBSCAN
CLUSTERING_PARAMS : eps(64), minSamples(3)
CLUSTERS
1 0
2 7 14 23 36 52 56 62 75 81
3 4 8 57 77
4 11 26 93 96
5 15 73 97 99 100
6 37 46 51 71 83 84 87
7 40 45 63 88
8 32 41 48
9 1 18 22 43 78 86
10 13 79
11 25 74 94
12 5 9
13 70 80 95
14 27 58 60
15 10 19 28
16 42 61
17 2 20
18 82 85
19 17 21 34
20 12 59
21 49 89
22 44 54 55 98
23 16 64 66 67 72
24 3 47 68
25 35 38 90 92
26 69 91
27 33 50 53
28 39 65
29 6 24 30 76
30 29 31
EOF