NAME : XML100_1366_05
DIMENSION : 101
NB_CLUSTERS : 33
CLUSTERING_ALG : DBSCAN
CLUSTERING_PARAMS : eps(27), minSamples(3)
CLUSTERS
1 0
2 14 21 49 62 65 67 69 99
3 40 52 78 87 96
4 13 42 60
5 45 61 75 86 97 100
6 5 29 41
7 1 35 98
8 15 33 59 90
9 10 50 70
10 9 23 34 80
11 4 47 68 79
12 26 30 84
13 38 66
14 8 48
15 85 92
16 20 76
17 17 36 95
18 22 25 27 28 55 71
19 57 74
20 31 56
21 3 18 72 93
22 12 44
23 24 81
24 37 54 77
25 46 63 83
26 39 58 82
27 2 32 91
28 73 94
29 16 51
30 43 53
31 6 19 88
32 7 64
33 11 89
EOF