NAME : XML100_3115_17
DIMENSION : 101
NB_CLUSTERS : 34
CLUSTERING_ALG : KMeans
CLUSTERING_PARAMS : k(41)
CLUSTERS
1 0
2 9 40
3 30 89
4 53 73
5 51 61 90
6 21 32 45 62 91 93
7 17 68
8 82 88 92
9 19 100
10 36 43 83
11 1 4 57 87 99
12 27 47 76 78
13 5 14 15 95
14 22 29 97
15 10 31 48 54 55
16 18 35 38 50
17 20 33 63 70 96
18 52 98
19 13 28 42 81
20 11 85 86
21 6 69
22 24 64
23 60 75 94
24 16 58
25 39 77
26 25 49 71
27 7 66 79
28 12 67 72
29 65 80 84
30 3 26 34
31 56 59 74
32 41 44
33 2 8 46
34 23 37
EOF