NAME : XML100_3155_12
DIMENSION : 101
NB_CLUSTERS : 28
CLUSTERING_ALG : DBSCAN
CLUSTERING_PARAMS : eps(68), minSamples(3)
CLUSTERS
1 0
2 2 18 29 63
3 6 11 28
4 10 16 53 75 79 87 89
5 4 13 33 34 38 55 76
6 15 32 50 67 85
7 17 51 100
8 20 27 40 82
9 23 25 52 60 70 77 88 95
10 31 65 73 92
11 12 37 49 56
12 42 71 78 83
13 14 47 48
14 22 54 59
15 5 26 39 66 80 94 99
16 58 61
17 1 62 64
18 30 43
19 7 57 84
20 68 90
21 21 97
22 24 36 44 72
23 8 35
24 41 86
25 46 74 91 93
26 3 9 81
27 19 69 96
28 45 98
EOF