NAME : XML100_3114_04
DIMENSION : 101
NB_CLUSTERS : 30
CLUSTERING_ALG : DBSCAN
CLUSTERING_PARAMS : eps(64), minSamples(3)
CLUSTERS
1 0
2 1 21 23 37 47
3 2 31 40 41 48 80 86 96
4 4 16 20 26 44 52
5 5 15 34 77
6 10 29 57 62 85
7 12 19 72 93
8 18 39 51 83
9 7 22 82
10 11 27 75 81 95
11 43 55 61 63
12 49 59 65 69
13 17 56 67 79 89
14 3 36 73
15 84 87
16 50 97
17 25 32 45 58
18 8 38 60 76
19 33 66 90 91
20 35 92 100
21 9 78 99
22 46 53
23 71 74
24 24 30
25 13 94
26 64 68
27 54 98
28 6 88
29 14 42
30 28 70
EOF