NAME : XML100_1265_20
DIMENSION : 101
NB_CLUSTERS : 30
CLUSTERING_ALG : DBSCAN
CLUSTERING_PARAMS : eps(25), minSamples(3)
CLUSTERS
1 0
2 2 25 30 40 42 47 58
3 4 7 45 56 76
4 8 28 66 75 88 96
5 13 63 97
6 15 19 52
7 21 34 55 68
8 32 37 72
9 10 33 38 65 83 86
10 1 11 24 49
11 35 44 74 79 87 95
12 60 77
13 43 57 93
14 6 48
15 46 62
16 27 69
17 14 23 50 82
18 54 61 92 100
19 67 81
20 17 78 85 98
21 36 59 99
22 3 12 18 20 39
23 89 94
24 31 53
25 29 64
26 9 22 41 91
27 16 26
28 5 71 80
29 73 90
30 51 70 84
EOF