NAME : XML100_3176_25
DIMENSION : 101
NB_CLUSTERS : 31
CLUSTERING_ALG : DBSCAN
CLUSTERING_PARAMS : eps(35), minSamples(3)
CLUSTERS
1 0
2 5 22 34 39 79 88
3 18 28 40 47 75 94
4 4 26
5 32 68
6 58 69 89 99
7 6 10 50 76 93
8 14 17 54 56 63 72 100
9 60 74 80 86
10 51 64
11 19 49 57 83
12 48 65
13 20 71 84
14 25 42 78
15 35 55 77
16 8 59
17 3 44 61 70
18 12 13 87 98
19 9 85 91
20 24 45 96
21 2 29
22 46 81 82 90
23 1 41 66
24 27 36
25 11 21 30 37 43
26 7 92
27 23 31 38
28 15 52
29 62 95 97
30 16 73
31 33 53 67
EOF