NAME : XML100_3146_10
DIMENSION : 101
NB_CLUSTERS : 30
CLUSTERING_ALG : DBSCAN
CLUSTERING_PARAMS : eps(56), minSamples(3)
CLUSTERS
1 0
2 4 6 11 52 55 64
3 10 49 65 85
4 12 23 62
5 13 30 37 61 63 73
6 33 44 58
7 19 42 50 51 76 82
8 31 35 60 67 78 91 98 99
9 16 38 84
10 45 69 87
11 48 75
12 32 81 95
13 1 20
14 17 24
15 46 57 79
16 9 59 92
17 34 89
18 74 90 93 96 100
19 21 53 80
20 15 27 29 39
21 40 54 68
22 36 56 72
23 25 28 66 83
24 3 5 7 18 86
25 22 71
26 43 77
27 2 14 94
28 8 97
29 26 47
30 41 70 88
EOF