NAME : XML100_3165_08
DIMENSION : 101
NB_CLUSTERS : 31
CLUSTERING_ALG : DBSCAN
CLUSTERING_PARAMS : eps(47), minSamples(3)
CLUSTERS
1 0
2 26 58 76 84
3 1 4 8 10 29 43 61 97 99
4 7 14 18 36 53 60 63 94
5 20 57 72
6 30 79 88
7 46 62
8 19 67 81
9 12 31 83
10 21 69 70
11 11 48
12 6 15 75 89 93
13 23 32
14 56 87
15 47 59 64 100
16 5 96
17 3 33 40 51 52 77
18 27 38 71 91
19 49 95
20 25 65 68
21 16 39 45
22 34 44 54
23 37 66 85
24 28 74
25 80 86
26 17 55 90
27 9 50
28 22 35 92
29 41 78 82 98
30 2 13
31 24 42 73
EOF