NAME : XML100_1165_26
DIMENSION : 101
NB_CLUSTERS : 31
CLUSTERING_ALG : DBSCAN
CLUSTERING_PARAMS : eps(52), minSamples(3)
CLUSTERS
1 0
2 13 30 68 73 93
3 17 28 34 64
4 23 76 79 97
5 24 33 44
6 41 88 95
7 14 42 94 98
8 5 8 72 85
9 3 15 22 47 50 89
10 11 49 84
11 16 39 40 67 78
12 1 12
13 37 43 58
14 65 74 90
15 9 83
16 21 27 77 92 100
17 6 55
18 45 48 96
19 57 81 82
20 10 25 52 60
21 26 38 63
22 2 31 61 75
23 20 36 54 86 87
24 18 91
25 35 51 69
26 29 32 46
27 59 80
28 19 62 66
29 56 70 71
30 4 53
31 7 99
EOF