NAME : XML100_3161_20
DIMENSION : 101
NB_CLUSTERS : 29
CLUSTERING_ALG : DBSCAN
CLUSTERING_PARAMS : eps(63), minSamples(3)
CLUSTERS
1 0
2 5 17 46 59 92
3 10 15 54 65 99
4 2 18 34 48 57
5 8 21 22 33 53 82 100
6 11 12 26 64 83 89
7 7 28 66 67 71 73 77
8 41 56 84
9 40 43 45 60 62 88
10 39 42 47
11 51 72 75
12 6 25 32 55 81 90 97
13 80 95
14 38 61 85
15 29 78
16 27 31 87 94
17 44 79
18 69 76
19 3 14
20 36 93
21 30 96
22 9 49 58
23 13 91
24 4 20 68 98
25 23 63 70
26 35 74 86
27 1 16
28 19 37 52
29 24 50
EOF