NAME : XML100_3132_21
DIMENSION : 101
NB_CLUSTERS : 29
CLUSTERING_ALG : DBSCAN
CLUSTERING_PARAMS : eps(51), minSamples(3)
CLUSTERS
1 0
2 8 26 36 81
3 9 34 43 52 57 77 86 98
4 7 13 17 68 71
5 19 31 60 91 92 95
6 37 38 96
7 21 45 59 61
8 33 35 40 62 74 79
9 15 54
10 14 50 99
11 32 46 63 70 97
12 25 39 88 93
13 41 64
14 42 100
15 47 85
16 18 30 78
17 3 58 67
18 5 66
19 4 48
20 55 75 89
21 2 11 56
22 10 69 72 73
23 49 90
24 24 29 53 65 84 94
25 12 16 27 87
26 6 23 28 80
27 1 44
28 20 51
29 22 76 82 83
EOF