NAME : XML100_3156_21
DIMENSION : 101
NB_CLUSTERS : 34
CLUSTERING_ALG : KMeans
CLUSTERING_PARAMS : k(42)
CLUSTERS
1 0
2 64 71
3 2 55 99
4 40 72 86
5 8 20 25 30 91
6 1 18 88
7 46 79
8 15 34 51 77 95
9 21 32
10 50 84
11 10 23 70 93
12 35 41 52 56 59
13 38 63 74 87
14 4 24 54
15 5 9 16 62
16 43 48 66 98
17 28 90
18 39 45 94 96
19 60 89 100
20 7 27 61 69 92
21 3 6 26 76 78
22 49 97
23 12 31 67
24 19 83
25 17 73
26 42 85
27 14 36
28 57 80
29 33 47
30 58 82
31 11 44 68
32 22 37 53
33 13 65 81
34 29 75
EOF