NAME : XML100_1142_01
DIMENSION : 101
NB_CLUSTERS : 32
CLUSTERING_ALG : DBSCAN
CLUSTERING_PARAMS : eps(56), minSamples(3)
CLUSTERS
1 0
2 1 54 94
3 7 32 34 44 45 69 93 95 96
4 10 36 66 79
5 11 17 41 83 91
6 5 21 52 60 67
7 23 25 27 47
8 31 58 62 70
9 42 77 90
10 20 33 50 51 68 74 100
11 29 75 81 82
12 9 48
13 19 64
14 3 73 98
15 35 84
16 55 85
17 14 28 87
18 39 86
19 63 92 99
20 65 71
21 56 80
22 59 89
23 4 46
24 2 13
25 24 61 88
26 18 37 76
27 43 49
28 6 8 72 78
29 15 53 97
30 12 22 30
31 26 40
32 16 38 57
EOF