NAME : XML100_2135_17
DIMENSION : 101
NB_CLUSTERS : 28
CLUSTERING_ALG : DBSCAN
CLUSTERING_PARAMS : eps(66), minSamples(3)
CLUSTERS
1 0
2 1 85 99
3 4 28 33
4 3 8 52 69 81
5 9 75 88 100
6 10 17 35 97
7 11 26 53 70
8 12 41 65 86 96
9 7 13 14 43 62 71
10 15 56 66 72 84 95
11 16 46 76 78 93
12 19 45 47 68
13 23 37 83
14 32 63 79 82 87
15 40 42 50 73
16 24 48 64 98
17 29 31 55 59 67 74
18 18 38 57 60 77 94
19 61 90
20 5 27 34
21 20 39
22 22 36
23 2 30 89
24 44 49
25 25 58
26 6 21 91
27 54 92
28 51 80
EOF