NAME : XML100_1143_22
DIMENSION : 101
NB_CLUSTERS : 27
CLUSTERING_ALG : DBSCAN
CLUSTERING_PARAMS : eps(66), minSamples(3)
CLUSTERS
1 0
2 2 4 17 36 43 50 76 92
3 3 21 79 84 87 88
4 5 15 20 33 52 68 98
5 9 32 89 100
6 13 59 60 66 85
7 26 39 51 62 90 95
8 29 37 49
9 34 35 47 63
10 14 22 40 48 54 57 64 67
11 42 53 70 72 77 81 96
12 6 44 86
13 24 25 69 78 82
14 46 75 99
15 58 71
16 7 91 93
17 27 55
18 16 74
19 38 94
20 10 30
21 1 8
22 11 61 83
23 19 23
24 56 73
25 12 28 65
26 18 31 45 80
27 41 97
EOF