NAME : XML100_3142_09
DIMENSION : 101
NB_CLUSTERS : 31
CLUSTERING_ALG : DBSCAN
CLUSTERING_PARAMS : eps(58), minSamples(3)
CLUSTERS
1 0
2 3 41 55 66 68
3 10 11 96
4 6 15 17
5 25 26 46 69 95
6 30 32 43 48 61 62 73
7 35 50 89
8 38 65 87 98
9 14 51 80
10 58 60 93
11 4 67 72
12 5 20 33 45 64 85 97
13 12 22 36 86
14 13 42 77 81
15 49 90
16 44 82
17 40 63
18 84 88
19 9 29 37 71 75 92
20 7 34 83
21 1 28 54
22 47 79 100
23 19 59 76
24 27 99
25 16 31
26 2 8 52 57
27 21 94
28 24 39 53
29 23 70 78
30 74 91
31 18 56
EOF