NAME : XML100_3124_26
DIMENSION : 101
NB_CLUSTERS : 31
CLUSTERING_ALG : DBSCAN
CLUSTERING_PARAMS : eps(55), minSamples(3)
CLUSTERS
1 0
2 4 11 14 30 52 93
3 3 6 98
4 7 35 37
5 13 60 67 72 88
6 44 75 84
7 16 46 49 51 57 70 90 92
8 25 54 58 80
9 32 59 65 66
10 31 74 83 95 99
11 1 15 56 82
12 41 50
13 77 86
14 9 26 29
15 23 34
16 20 39 97
17 12 18 63
18 43 94
19 2 47 61 73 96
20 22 27 33 53
21 19 42
22 28 55
23 17 85
24 8 64 81 100
25 5 36 48 87
26 38 62 79
27 21 40 45
28 24 71 78
29 76 91
30 69 89
31 10 68
EOF