NAME : XML100_1116_02
DIMENSION : 101
NB_CLUSTERS : 30
CLUSTERING_ALG : DBSCAN
CLUSTERING_PARAMS : eps(66), minSamples(3)
CLUSTERS
1 0
2 2 19 44 76 92
3 3 31 33
4 16 20 55 87
5 11 22 23 24
6 25 57 86 95
7 34 46 68 73 93
8 8 35 67
9 26 37 42 52 91
10 38 61 66 71 83 89 94
11 12 53 82
12 56 72 79 100
13 17 47 60 65 80 88 97
14 18 27 75
15 1 9 50
16 36 40
17 30 85
18 4 41
19 7 48
20 6 77
21 29 32 51 70 99
22 13 45
23 14 62 63 78
24 28 49 59 64
25 39 54
26 10 81 84 98
27 21 96
28 15 90
29 5 58 74
30 43 69
EOF