NAME : XML100_1144_26
DIMENSION : 101
NB_CLUSTERS : 30
CLUSTERING_ALG : DBSCAN
CLUSTERING_PARAMS : eps(37), minSamples(3)
CLUSTERS
1 0
2 2 15 25 30 58 67 84
3 53 70 76 82 85 95
4 40 93 94 97
5 31 45 81 92
6 48 49 56 83
7 62 69 86
8 21 57 78
9 1 28 32 42 64 75
10 7 17 26 79
11 14 22 99
12 27 39 88
13 12 29 74 89
14 3 6 18 24 50 51 80
15 68 77
16 41 73
17 43 59 91
18 54 61 65
19 37 90
20 4 5 36
21 9 52 55
22 11 20 72 96
23 13 60 63 100
24 8 44
25 66 98
26 10 46
27 23 34
28 33 38 47
29 16 35 87
30 19 71
EOF