NAME : XML100_3156_07
DIMENSION : 101
NB_CLUSTERS : 29
CLUSTERING_ALG : DBSCAN
CLUSTERING_PARAMS : eps(50), minSamples(3)
CLUSTERS
1 0
2 1 10 28 49 53 57 73
3 12 19 33 35 64 69 84 90
4 15 31 52 94
5 3 17 78 86
6 14 21 60 68 81
7 16 29 39 41 99
8 56 63 77
9 51 66 72 80 92 93
10 76 95
11 43 45 54 79
12 8 50 96
13 26 30 71
14 42 85
15 37 82 100
16 13 40 70
17 5 25 47 83
18 22 75 88
19 23 46 65 67
20 11 44
21 58 97 98
22 2 20 34
23 32 55 61 74
24 18 62
25 4 27 48
26 6 9 87 91
27 36 89
28 24 59
29 7 38
EOF