NAME : XML100_3142_11
DIMENSION : 101
NB_CLUSTERS : 28
CLUSTERING_ALG : DBSCAN
CLUSTERING_PARAMS : eps(42), minSamples(3)
CLUSTERS
1 0
2 1 3 10 29 33 41 48 61 91
3 15 21 43 58 63 89 97
4 19 23 60
5 9 28 31 52 74 93
6 18 20 77
7 17 64 96
8 6 47 98
9 50 88 100
10 75 92
11 54 87
12 8 25 37 82
13 22 34
14 27 68
15 7 26 45 69 76 81 83
16 40 66
17 12 42 53 56 59 78 79 85 95
18 57 80
19 5 13 90
20 16 62 94
21 2 49 65 72
22 4 35
23 36 44
24 24 32 39 46 70
25 11 30 51 71 86
26 14 84
27 73 99
28 38 55 67
EOF