NAME : XML100_2343_20
DIMENSION : 101
NB_CLUSTERS : 27
CLUSTERING_ALG : DBSCAN
CLUSTERING_PARAMS : eps(46), minSamples(3)
CLUSTERS
1 0
2 2 7 27 30 56
3 4 6 11 39 68
4 8 53 97
5 20 22 33 47 51 82 92
6 28 52 54 72 81 99
7 16 37 38 40 55 62 64 71 78 83 88 89 91
8 24 46 70 76 87
9 18 23 26 50 61 94
10 67 84
11 3 59
12 36 57 98
13 9 63 96
14 1 90 100
15 5 69 77 79 93
16 12 13 95
17 29 43
18 15 34 49 74
19 21 32 85
20 19 31 41 42
21 10 25 65 75
22 17 80
23 66 86
24 58 73
25 35 44
26 14 48
27 45 60
EOF