NAME : XML100_1145_26
DIMENSION : 101
NB_CLUSTERS : 30
CLUSTERING_ALG : DBSCAN
CLUSTERING_PARAMS : eps(69), minSamples(3)
CLUSTERS
1 0
2 4 5 21 60 84
3 6 14 27 44 72
4 7 63 71 81 99
5 8 12 22 31 38 49 58 62 64 74 96
6 9 11 13 20 55 68 89
7 16 29 59 85
8 17 35 36 86
9 23 24 50
10 26 45 87
11 2 46 97
12 47 54 90
13 41 52 66 75 91 98
14 19 69 100
15 33 70 79
16 15 32
17 25 43
18 34 40 56
19 30 95
20 53 67
21 18 93
22 61 78
23 10 92
24 39 65
25 3 28 57
26 37 42 77 88
27 73 76 80
28 1 48
29 83 94
30 51 82
EOF