NAME : XML100_1152_15
DIMENSION : 101
NB_CLUSTERS : 28
CLUSTERING_ALG : DBSCAN
CLUSTERING_PARAMS : eps(57), minSamples(3)
CLUSTERS
1 0
2 5 8 21 36 37 59 89
3 9 13 19 52 62
4 17 22 47 85 90
5 1 6 16 28 41 60 87
6 2 30 48 61 100
7 18 29 31 38 42 70
8 15 39 43 44 91
9 7 33 56 57 77
10 34 55 66 93 95
11 11 45 72 73 78 80 82
12 20 99
13 3 26
14 40 75
15 92 98
16 32 71 97
17 10 27
18 23 46 65 88
19 24 51 74 84
20 14 86
21 12 49
22 76 81 83
23 64 67 69 79
24 50 63 94
25 58 68
26 4 54
27 35 53
28 25 96
EOF