NAME : XML100_3165_11
DIMENSION : 101
NB_CLUSTERS : 33
CLUSTERING_ALG : DBSCAN
CLUSTERING_PARAMS : eps(46), minSamples(3)
CLUSTERS
1 0
2 8 35 48 69 73 92
3 10 31 32 53 59 75 99
4 4 15 49 88
5 36 55 80
6 46 56 74 86 90
7 27 51 87 96
8 17 23 85
9 50 65
10 60 71 95
11 22 39 78
12 18 20 29 41 61
13 43 64
14 66 81
15 24 33
16 6 9 25 91
17 16 44
18 34 37 77 100
19 12 19
20 1 26 38 70 79
21 30 57
22 7 97
23 3 62 76
24 14 47
25 21 67 68
26 2 82 93
27 11 98
28 83 84
29 5 42
30 13 45 54
31 28 63
32 58 72 89 94
33 40 52
EOF