NAME : XML100_3146_11
DIMENSION : 101
NB_CLUSTERS : 35
CLUSTERING_ALG : KMeans
CLUSTERING_PARAMS : k(42)
CLUSTERS
1 0
2 5 18 62 85
3 20 44 56
4 17 46 52 79
5 7 41 57 75
6 24 36 81 96
7 25 84 91 92
8 53 54 78
9 6 14 83
10 26 27 47 70 93
11 29 59
12 13 16 69
13 28 31 38
14 32 82
15 2 4 42 99
16 11 94
17 21 23
18 40 64 74
19 67 68 88
20 58 90
21 51 89 100
22 3 12 50 63
23 34 65 86
24 19 30 73
25 9 61 76
26 8 71
27 39 72 95
28 1 98
29 60 80
30 35 87
31 43 45
32 15 48 49
33 10 22 37 97
34 33 66
35 55 77
EOF