NAME : XML100_3152_23
DIMENSION : 101
NB_CLUSTERS : 31
CLUSTERING_ALG : DBSCAN
CLUSTERING_PARAMS : eps(68), minSamples(3)
CLUSTERS
1 0
2 1 23 36 63 80
3 10 32 33 46 64
4 11 12 44
5 16 50 95
6 25 35 55 62 67
7 27 31 47 57 74 83 93
8 30 45 60 66 73
9 9 29 43 56 84 94
10 58 92 98 99
11 2 39 69 87
12 22 41 78 79 82 85 89
13 65 90
14 15 72
15 5 24
16 18 26 28 49
17 59 75
18 17 70 71
19 4 37 38 40
20 34 77 81
21 53 54
22 13 76
23 20 86
24 21 48 68 97
25 7 19
26 61 91
27 3 96
28 51 52
29 8 42
30 14 100
31 6 88
EOF