NAME : XML100_2362_05
DIMENSION : 101
NB_CLUSTERS : 28
CLUSTERING_ALG : DBSCAN
CLUSTERING_PARAMS : eps(32), minSamples(3)
CLUSTERS
1 0
2 7 13 20 21 22 26 28 31 35 44 74 80 82
3 9 17 34
4 40 42 47 68 76
5 10 41 56 61 72
6 30 51 55 64 67 71
7 33 73 98
8 12 78 94
9 5 48 84
10 29 95
11 16 27 39 45 69 70 81
12 3 77
13 36 50 91
14 38 79 87
15 19 57 65
16 4 88 93
17 59 86
18 1 18 63 97
19 23 58
20 2 6 25 49 54 60 66 75
21 11 89
22 32 53 92
23 15 24
24 8 46 83 96
25 43 85 100
26 37 52
27 14 90
28 62 99
EOF