NAME : XML100_1145_21
DIMENSION : 101
NB_CLUSTERS : 31
CLUSTERING_ALG : DBSCAN
CLUSTERING_PARAMS : eps(41), minSamples(3)
CLUSTERS
1 0
2 25 32 40
3 9 10 31 38 49 52 80 85 96
4 53 71 88
5 63 67 95
6 21 35 48 57 75
7 16 17 62
8 29 33 84
9 5 65 97
10 79 89 99
11 11 44 56 70 76 98
12 7 14 39 47 81
13 54 94
14 19 60
15 20 24 36 64
16 15 23 61 86
17 27 50 72 83
18 55 68
19 78 92
20 34 100
21 22 26 93
22 59 74 87
23 2 43 45 46 66
24 13 91
25 1 8
26 3 6 12 41
27 58 77
28 18 37 73
29 42 51 69 90
30 28 82
31 4 30
EOF