NAME : XML100_3133_10
DIMENSION : 101
NB_CLUSTERS : 35
CLUSTERING_ALG : KMeans
CLUSTERING_PARAMS : k(48)
CLUSTERS
1 0
2 51 66
3 39 74
4 4 88 94
5 43 47 62 97
6 16 38 41 80
7 19 58 78
8 40 55 72
9 26 87 99
10 1 29 64
11 11 45
12 21 92
13 56 86
14 50 65
15 30 44 53 82
16 5 20 23 46 52
17 12 93
18 7 22 89
19 8 67
20 27 79
21 49 69 76
22 14 70 71 98
23 3 91
24 81 85 96
25 35 75
26 25 42 77
27 9 10 37 60 83
28 6 31 48 68
29 18 32 59
30 73 84
31 2 36
32 24 28 90
33 13 15 63
34 34 54 61 100
35 17 33 57 95
EOF