NAME : XML100_2376_14
DIMENSION : 101
NB_CLUSTERS : 29
CLUSTERING_ALG : DBSCAN
CLUSTERING_PARAMS : eps(33), minSamples(3)
CLUSTERS
1 0
2 1 66 74
3 6 22 43 45 48 64 75
4 8 12 40 70 87 91
5 14 26 38 84 85 98
6 16 24 33 37 42 56 58 60 69
7 23 51 61 67 73 79 95 96 99
8 46 62
9 41 72 97
10 5 30 55 92 93
11 89 90
12 17 34 68
13 63 77 80
14 10 52 78
15 2 50
16 7 32
17 15 86
18 29 35 49
19 28 36 100
20 47 54
21 13 21 39 65 88
22 19 83
23 4 9 53 57
24 18 59
25 81 82
26 20 31 71
27 11 27 76
28 44 94
29 3 25
EOF