NAME : XML100_3171_26
DIMENSION : 101
NB_CLUSTERS : 28
CLUSTERING_ALG : DBSCAN
CLUSTERING_PARAMS : eps(41), minSamples(3)
CLUSTERS
1 0
2 3 7 11 44 45 96 98
3 8 28 57 68 77
4 14 24 73
5 19 75 79 95
6 4 6 33 46 71
7 20 39 53 58 59 64 92
8 17 47 52 80 89 97
9 23 27 55 61 72 93 99
10 16 36 54
11 1 43 78
12 12 94
13 30 32 91
14 34 42 66 82 100
15 22 49
16 63 67
17 9 88
18 56 86
19 13 70
20 5 65 76 84 85
21 38 41
22 51 87
23 10 21 37 50 74
24 18 40 60 62 69 90
25 29 48 83
26 15 26 35
27 25 31
28 2 81
EOF