NAME : XML100_3126_23
DIMENSION : 101
NB_CLUSTERS : 27
CLUSTERING_ALG : DBSCAN
CLUSTERING_PARAMS : eps(66), minSamples(3)
CLUSTERS
1 0
2 9 17 29 44 55 84
3 16 40 42 65 83 88
4 18 21 77
5 19 20 81
6 22 26 47 56 63 69 98
7 23 49 61 62 85 86
8 24 35 52 58 87 92
9 4 28 45 57 67 96
10 31 53 89
11 36 48 70 91
12 39 64 76
13 3 50 66 68 75 80 90
14 12 59
15 5 60
16 71 100
17 25 37 46
18 11 34
19 2 13 32
20 14 41
21 27 54 74
22 7 15 51 78 79 82
23 1 8
24 6 10 72 94 97 99
25 30 33 73
26 38 93
27 43 95
EOF