NAME : XML100_3364_02
DIMENSION : 101
NB_CLUSTERS : 29
CLUSTERING_ALG : DBSCAN
CLUSTERING_PARAMS : eps(39), minSamples(3)
CLUSTERS
1 0
2 10 57 71 93
3 17 21 32 52 55 62 80 90 94
4 31 33 42 47
5 43 46 58 65 70 88 91
6 26 30
7 5 75
8 14 15 72 99
9 41 45
10 20 22 56
11 6 13 44
12 25 28 29
13 37 68 100
14 16 49 59
15 8 54 77 84
16 82 83 96
17 78 87
18 76 81
19 39 60 66 79
20 18 19 67 98
21 2 35 38
22 23 36 48
23 27 63 64 74 85 89
24 1 7 53 95 97
25 24 50
26 11 73 92
27 3 4 69 86
28 12 34
29 9 40 51 61
EOF