NAME : XML100_2173_14
DIMENSION : 101
NB_CLUSTERS : 35
CLUSTERING_ALG : KMeans
CLUSTERING_PARAMS : k(38)
CLUSTERS
1 0
2 18 23 69 85
3 21 60 99
4 30 51
5 11 16 75 79
6 22 46 58 59 64 71 95
7 7 9 34
8 24 42 92
9 19 39 56
10 5 53
11 25 72 83
12 52 86 88
13 8 78 94
14 2 31 77 91
15 12 20 73
16 1 54 81
17 6 61 96
18 10 13 43 47
19 32 37 100
20 50 65 76 82
21 55 63
22 15 66 67 68
23 36 74 98
24 26 35
25 45 84 89
26 27 97
27 4 70
28 28 87
29 44 93
30 41 62
31 14 48
32 3 90
33 17 29 38
34 49 57 80
35 33 40
EOF