NAME : XML100_1116_12
DIMENSION : 101
NB_CLUSTERS : 33
CLUSTERING_ALG : DBSCAN
CLUSTERING_PARAMS : eps(56), minSamples(3)
CLUSTERS
1 0
2 5 23 34 63
3 13 51 80 91
4 18 78 95
5 19 25 27 38 46 57 64 65 70 88
6 35 79 81 86
7 22 36 40 61 75 98
8 11 47 60 96 99
9 28 84
10 3 12 41
11 4 83
12 2 85
13 15 49 77
14 33 62
15 16 94
16 6 7 32 39
17 73 89
18 43 66
19 42 92
20 50 76 87 97
21 55 67
22 10 24 68
23 1 21 26 56
24 8 59
25 45 82
26 29 71
27 9 14 52 53 58
28 48 100
29 44 90
30 20 30 54
31 69 74
32 17 37
33 31 72 93
EOF