NAME : XML100_3144_25
DIMENSION : 101
NB_CLUSTERS : 34
CLUSTERING_ALG : KMeans
CLUSTERING_PARAMS : k(38)
CLUSTERS
1 0
2 11 26 71
3 5 8 15 22 24 61 96
4 4 74
5 3 40
6 9 20 46 69 100
7 29 57
8 2 18 39 67
9 12 92
10 23 30 50 60 90
11 7 66
12 25 43 52
13 13 51 82
14 80 85 89 95
15 33 45 88
16 35 36 53 65 75 81
17 6 19 28 68
18 32 70 98
19 1 34 49
20 47 94
21 83 86
22 44 64
23 48 72
24 73 76
25 41 59
26 14 99
27 27 38
28 17 58 62 97
29 10 42
30 16 37 79 93
31 31 84
32 21 56 78 87
33 55 91
34 54 63 77
EOF