NAME : XML100_3362_24
DIMENSION : 101
NB_CLUSTERS : 28
CLUSTERING_ALG : DBSCAN
CLUSTERING_PARAMS : eps(37), minSamples(3)
CLUSTERS
1 0
2 9 10 22 39 43 53 56 57 58 63 70 72 84 85 90 98 99
3 15 33 45 77
4 17 61 68 71 87 93
5 8 59 80
6 11 46
7 54 64 74 81
8 29 35 49 69
9 26 60 82
10 20 32 55 73
11 50 76
12 41 88 100
13 25 38 94
14 42 67
15 16 36 66
16 5 37 92 96
17 14 65 91
18 4 7 18 34 97
19 30 48 89
20 47 52
21 1 2 95
22 3 12 23 83
23 75 79
24 21 44
25 19 24 78
26 40 51 86
27 6 28 31 62
28 13 27
EOF