NAME : XML100_2352_11
DIMENSION : 101
NB_CLUSTERS : 29
CLUSTERING_ALG : DBSCAN
CLUSTERING_PARAMS : eps(30), minSamples(3)
CLUSTERS
1 0
2 7 18 27 31 35 46 51 60 62 83
3 14 70 94 99
4 25 30 32 59 64 100
5 11 12 39 72
6 57 71 73
7 26 29 33
8 20 65 89 97
9 91 95 96
10 23 28 36 38
11 5 9 19 34 37 47 52 67
12 69 75 80
13 6 55
14 44 63
15 79 85
16 43 48 98
17 1 90
18 8 16
19 3 41 61 88
20 4 10 40
21 13 68 74 77
22 81 86
23 45 58 92
24 17 49 56
25 50 53 78
26 2 22 54 66 82 93
27 15 21
28 24 76 87
29 42 84
EOF