NAME : XML100_3136_21
DIMENSION : 101
NB_CLUSTERS : 29
CLUSTERING_ALG : DBSCAN
CLUSTERING_PARAMS : eps(63), minSamples(3)
CLUSTERS
1 0
2 2 4 10 12 20 29 38 49 94
3 5 40 55 84 88
4 1 6 36 58 89 92 100
5 9 57 74 96
6 8 22 26 46 62 63
7 24 37 43 72
8 15 28 60
9 11 34 64 91 93 95
10 45 59 61 75 82
11 50 70 80 81
12 13 31 41 65
13 3 7 16 35 51 68 77 83
14 32 56
15 18 33
16 53 98
17 27 44 71
18 17 54
19 21 47 90
20 23 78
21 42 86
22 67 97
23 25 69
24 76 85
25 19 66
26 87 99
27 39 79
28 48 52 73
29 14 30
EOF