NAME : XML100_3333_02
DIMENSION : 101
NB_CLUSTERS : 32
CLUSTERING_ALG : DBSCAN
CLUSTERING_PARAMS : eps(16), minSamples(3)
CLUSTERS
1 0
2 10 29 56 67 100
3 17 24 63 69 77
4 33 80 81 88 96
5 14 35 54 70
6 11 25 60 73 90
7 42 47
8 18 30 37 66 97
9 9 64
10 2 58 75 87
11 15 86 89 94
12 26 57
13 46 99
14 13 51 72
15 43 45 78
16 4 44 55 65 82
17 34 71
18 19 31 32 38 53 68 95
19 23 92
20 40 50
21 6 8 41
22 20 79 84
23 16 48
24 7 21 93
25 52 98
26 1 5 12 59 85
27 62 74 83
28 22 28
29 3 61
30 36 76
31 49 91
32 27 39
EOF