NAME : XML100_1134_17
DIMENSION : 101
NB_CLUSTERS : 29
CLUSTERING_ALG : DBSCAN
CLUSTERING_PARAMS : eps(34), minSamples(3)
CLUSTERS
1 0
2 29 40 87
3 8 25 30 49 59 88 98
4 69 85 96
5 12 63
6 28 32 41 44 51
7 27 34 66
8 48 83
9 16 38 43 55
10 13 33 46 71 74 95
11 6 14 56 68 82
12 10 24 31 42
13 75 92
14 1 4 50 53 77 79
15 9 15 61 64 89 90
16 81 91 93 100
17 18 52 80
18 5 20 35 62 65
19 17 36
20 22 57 58 97
21 2 54 84
22 21 67
23 70 78
24 26 94
25 3 47 99
26 7 73 76
27 11 37 60
28 19 23 39 86
29 45 72
EOF