NAME : XML100_1362_22
DIMENSION : 101
NB_CLUSTERS : 31
CLUSTERING_ALG : DBSCAN
CLUSTERING_PARAMS : eps(50), minSamples(3)
CLUSTERS
1 0
2 1 18 48
3 5 26 65 88 98
4 8 35 47
5 13 14 29 38 58 72 74
6 25 28 56
7 15 30 42 69
8 44 45 64 68 89 92 95 99
9 46 54 94
10 11 31 43 53 55 63 76
11 3 21 61 100
12 22 70 86
13 81 83 90
14 75 87
15 24 49 50
16 91 93
17 51 84
18 4 7 20 37
19 6 16 39
20 52 71 96
21 40 60 77
22 2 10 12 27
23 36 78
24 23 97
25 32 82
26 67 73
27 19 57 66
28 59 62
29 17 33 80 85
30 41 79
31 9 34
EOF