NAME : XML100_1141_23
DIMENSION : 101
NB_CLUSTERS : 37
CLUSTERING_ALG : KMeans
CLUSTERING_PARAMS : k(47)
CLUSTERS
1 0
2 29 94
3 27 33 66
4 47 97
5 30 42 60
6 13 26 54
7 7 70 100
8 22 35 55 90 98
9 64 81
10 48 92
11 10 68
12 2 20 24 43 79 85
13 1 52 67 73 84
14 38 46 86
15 8 21 96
16 15 23 88
17 41 62
18 80 87
19 39 56
20 25 45 75
21 14 40 44 59 78
22 5 82
23 19 99
24 12 50
25 32 36 53
26 6 58 61
27 74 91
28 9 95
29 77 93
30 4 18
31 37 72
32 16 63 83
33 3 17 57 76
34 28 51 65
35 34 89
36 11 31 69
37 49 71
EOF