NAME : XML100_1153_21
DIMENSION : 101
NB_CLUSTERS : 36
CLUSTERING_ALG : KMeans
CLUSTERING_PARAMS : k(38)
CLUSTERS
1 0
2 27 46 84
3 2 60
4 45 68 80
5 5 17 26
6 64 74
7 30 91
8 7 18 86 95
9 41 85
10 23 78
11 40 67 97
12 1 10
13 16 29 66 90
14 11 21 35 47
15 25 31
16 14 39 100
17 51 57 76
18 34 36 59 73 94
19 42 56 72 79
20 28 88
21 19 61 93 99
22 15 77 89
23 71 87
24 22 24
25 6 33 53
26 13 43 48 96
27 38 54 81 82
28 37 83 92
29 62 65 98
30 32 75
31 8 50
32 20 49 63
33 9 52
34 12 55 70
35 3 4
36 44 58 69
EOF