NAME : XML100_1176_04
DIMENSION : 101
NB_CLUSTERS : 30
CLUSTERING_ALG : DBSCAN
CLUSTERING_PARAMS : eps(56), minSamples(3)
CLUSTERS
1 0
2 5 8 37 41 42 47 96
3 6 72 97
4 9 20 65 82 87
5 27 40 49 53 69 70 79 90
6 28 45 46 50 84
7 25 35 51 73 80
8 24 76 93 100
9 71 77 94
10 18 21 34 88 92 95
11 14 39 66
12 12 43
13 13 67
14 44 48 61
15 7 23
16 2 11 85
17 15 17 19 36
18 52 83 99
19 86 98
20 10 68 75
21 3 56 64
22 4 31
23 63 74
24 38 81
25 60 89
26 1 29 33 55
27 16 22 54 58 78
28 26 32 57
29 59 91
30 30 62
EOF