NAME : XML100_3215_26
DIMENSION : 101
NB_CLUSTERS : 28
CLUSTERING_ALG : DBSCAN
CLUSTERING_PARAMS : eps(14), minSamples(3)
CLUSTERS
1 0
2 13 18 22 37 49 61 86
3 25 40 81 89 94
4 42 46 78 93
5 5 38 43 47 91
6 68 70 82 90
7 9 54 73
8 14 26 33 48
9 4 34 57 63
10 3 8 60
11 1 10
12 21 28 55 85 92 96 98
13 35 64 71 87
14 11 74
15 6 12 88
16 65 66 83
17 53 58 59 62 69
18 7 15 24 95 99
19 2 17 79 84 100
20 50 67 72
21 20 52
22 36 45 77
23 39 44 76
24 30 80
25 19 32 41
26 27 29 75
27 16 23
28 31 51 56 97
EOF