NAME : XML100_3155_21
DIMENSION : 101
NB_CLUSTERS : 27
CLUSTERING_ALG : DBSCAN
CLUSTERING_PARAMS : eps(53), minSamples(3)
CLUSTERS
1 0
2 1 4 21 27 46 51 64
3 6 63 99
4 11 30 39 56 57 74 100
5 17 22 34 87
6 18 75 76 90 94
7 28 33 41 44 84 98
8 24 48 54 83 93
9 12 23 59 79 85
10 49 61 72
11 42 73 77 78 95
12 13 16 96
13 43 65 68 80 81
14 7 31 62
15 15 35
16 5 9 14 47 67 70
17 88 91
18 29 32 37 66
19 45 86
20 19 58 82
21 2 10 25
22 36 38 53 71
23 20 50 69
24 3 8
25 60 92 97
26 26 52
27 40 55 89
EOF