NAME : XML100_1136_07
DIMENSION : 101
NB_CLUSTERS : 32
CLUSTERING_ALG : DBSCAN
CLUSTERING_PARAMS : eps(34), minSamples(3)
CLUSTERS
1 0
2 19 44 59
3 2 41 58 61
4 15 26 29 36 67 72 73 77
5 27 28
6 5 14 20 33 62
7 3 69 89
8 49 60
9 86 94
10 4 30 31 52 98
11 39 53 90
12 84 85 88
13 11 13 35 45 51 96
14 25 50
15 21 68 76 79 97 100
16 64 75 81 87
17 10 91
18 16 47
19 37 48
20 12 22 78 92
21 1 83
22 7 82
23 32 34
24 40 54 57 70 71 95
25 8 93
26 23 56 65
27 6 18 63 99
28 38 80
29 9 24
30 17 66
31 42 43
32 46 55 74
EOF