NAME : XML100_3163_04
DIMENSION : 101
NB_CLUSTERS : 31
CLUSTERING_ALG : DBSCAN
CLUSTERING_PARAMS : eps(48), minSamples(3)
CLUSTERS
1 0
2 4 15 86 100
3 17 56 95
4 16 22 31 41 50 94 97
5 36 53 60 74 92
6 48 54 64
7 13 44 55 63 65 77
8 7 8 20 30 67 72 79
9 3 39 42 49 87
10 25 27 40 78
11 14 61 83 84
12 43 66 82 90 93
13 32 58 73
14 6 52 96
15 23 69
16 5 68
17 21 45
18 29 76
19 19 33 38
20 37 51
21 12 34
22 70 75 81 91
23 1 59 98
24 62 85 88
25 18 47 57
26 24 71
27 26 46
28 9 28
29 2 11 80
30 10 35
31 89 99
EOF