NAME : XML100_1173_18
DIMENSION : 101
NB_CLUSTERS : 34
CLUSTERING_ALG : KMeans
CLUSTERING_PARAMS : k(37)
CLUSTERS
1 0
2 16 24 28 85
3 1 4
4 12 17 21 60
5 22 31 38
6 59 75
7 15 20 48 73 81
8 50 54 93
9 23 27
10 25 69 84 87 95
11 32 79
12 61 68
13 39 42 83
14 52 56 80
15 30 82
16 2 62 72 89 91
17 35 65 94
18 26 44 58 71 74
19 5 70 96
20 66 76 98
21 9 18 45 88
22 7 11 90
23 47 55 63 97
24 6 19 57 92
25 29 40
26 8 53 77
27 33 78
28 14 49
29 34 43 51
30 36 41
31 10 46 100
32 13 99
33 64 67
34 3 37 86
EOF