NAME : XML100_1342_09
DIMENSION : 101
NB_CLUSTERS : 31
CLUSTERING_ALG : DBSCAN
CLUSTERING_PARAMS : eps(22), minSamples(3)
CLUSTERS
1 0
2 8 14 60 68 96
3 10 39 57 63
4 24 26 29 45 86 92 98 100
5 21 34 36 59
6 7 31 56 73 74
7 3 38 72
8 16 35 46 78 90 94 95
9 33 37 70
10 28 54 66 84
11 15 40 51
12 13 67
13 11 53 76 82
14 6 83 93
15 5 12 55
16 19 50 85
17 32 42 62 77
18 23 49 65
19 1 9 48 79
20 2 80
21 75 88
22 17 22
23 18 47
24 52 87 97
25 25 43 69
26 30 58
27 27 44 61
28 41 71
29 89 99
30 64 91
31 4 20 81
EOF