NAME : XML100_1165_27
DIMENSION : 101
NB_CLUSTERS : 27
CLUSTERING_ALG : DBSCAN
CLUSTERING_PARAMS : eps(71), minSamples(3)
CLUSTERS
1 0
2 3 15 19 73
3 4 20 58 62 78
4 6 44 98
5 8 23 40 51 56 59 85 88
6 10 28 35 41 67 70 75 76
7 1 11 64 81 89 95
8 12 17 21 55 63
9 18 80 82 90
10 25 31 65
11 26 47 96
12 2 29 36 60
13 30 37 86
14 13 22 54 83 87
15 16 34 39 45 66
16 33 46 53 79 97
17 14 48
18 24 50 61
19 9 49
20 52 74 91
21 27 32 99
22 69 77 92 93
23 7 71 72
24 94 100
25 5 43
26 38 57 68
27 42 84
EOF