NAME : XML100_3323_04
DIMENSION : 101
NB_CLUSTERS : 28
CLUSTERING_ALG : DBSCAN
CLUSTERING_PARAMS : eps(40), minSamples(3)
CLUSTERS
1 0
2 4 18 31 65 72 78
3 5 16 75 81
4 7 9 68 70 83 86 91 94 97 99
5 14 24 37 55 67 98
6 20 28 71 76 79 96
7 15 36 57 100
8 34 41 46 47 66 73 80 87
9 1 30
10 40 54 64
11 22 51 85
12 45 58
13 25 56
14 2 19 39
15 53 61
16 59 95
17 10 63 84 93
18 8 42 62
19 35 38 90
20 13 43 69 82
21 48 88
22 12 29 44 77
23 6 26
24 27 33
25 11 50 89
26 52 60
27 3 21 49 74 92
28 17 23 32
EOF