NAME : XML100_3173_19
DIMENSION : 101
NB_CLUSTERS : 27
CLUSTERING_ALG : DBSCAN
CLUSTERING_PARAMS : eps(73), minSamples(3)
CLUSTERS
1 0
2 1 5 22 64 83 86
3 2 17 70 71 99 100
4 4 15 42 85 96
5 8 21 88
6 12 25 39 51 97
7 13 43 56 57 61 62 67 82
8 19 28 73
9 20 54 92
10 16 23 24 33 81
11 26 29 53 94
12 34 48 90
13 30 40 45 49 60 75 76 89 93
14 31 47 79
15 50 59 91
16 10 38 41 55 58 77 98
17 32 63 74
18 7 37 72 87
19 65 69
20 9 11 78 95
21 35 80
22 3 18
23 27 52
24 44 46
25 6 66
26 36 84
27 14 68
EOF