NAME : XML100_2241_05
DIMENSION : 101
NB_CLUSTERS : 29
CLUSTERING_ALG : DBSCAN
CLUSTERING_PARAMS : eps(14), minSamples(3)
CLUSTERS
1 0
2 3 14 44 57 59 61 75 77 93
3 9 40 43 65 82
4 25 30 48 68 71
5 24 38 83
6 46 50 72 73 97
7 6 41 55 63 64
8 15 31 53 76 78 98
9 34 86
10 54 87
11 26 36 58
12 17 60
13 19 70 96
14 11 39 81
15 1 12 13 23 33 47 89
16 29 51 56
17 7 85
18 18 66 90
19 5 10 100
20 16 20 21
21 8 67 69 91 92
22 42 74
23 52 94 99
24 27 37 62
25 4 35 49 80 84
26 32 79
27 2 88
28 22 45
29 28 95
EOF