NAME : XML100_1176_07
DIMENSION : 101
NB_CLUSTERS : 27
CLUSTERING_ALG : DBSCAN
CLUSTERING_PARAMS : eps(69), minSamples(3)
CLUSTERS
1 0
2 9 34 41 53 54 62 74 80 93 94
3 7 10 19 40 45 58 78
4 12 13 27 36 70 87 100
5 17 24 99
6 1 21 23 29 49
7 32 35 42
8 38 59 81
9 43 65 67
10 25 52 56 90
11 11 16 31 55
12 28 33 60
13 50 63 75 86 88
14 30 37 39 47 84 89
15 20 48 77 79 85 91 92 98
16 26 46 61
17 6 44
18 18 69 72
19 64 73
20 51 68 76
21 8 71
22 4 5 57
23 3 14
24 22 82 83
25 15 66
26 96 97
27 2 95
EOF