NAME : XML100_3162_19
DIMENSION : 101
NB_CLUSTERS : 30
CLUSTERING_ALG : DBSCAN
CLUSTERING_PARAMS : eps(40), minSamples(3)
CLUSTERS
1 0
2 14 15 59 65 84
3 6 17 18 33 35 61 66
4 20 47 72 80 94
5 23 70 81 90 97 100
6 5 38 40 57 64 96 99
7 21 28 41 55 89
8 45 52
9 7 24 98
10 43 75 87
11 46 95
12 13 42 62 69
13 11 31 63
14 12 54
15 2 3
16 37 49 58
17 4 91
18 34 67 71
19 27 29
20 50 53 85
21 16 25 36 79
22 8 51
23 30 60 74
24 1 9 19 22 88
25 32 78
26 44 68 76 77 92
27 73 82 83
28 10 93
29 56 86
30 26 39 48
EOF