NAME : XML100_3146_17
DIMENSION : 101
NB_CLUSTERS : 37
CLUSTERING_ALG : DBSCAN
CLUSTERING_PARAMS : eps(34), minSamples(3)
CLUSTERS
1 0
2 9 28 70
3 13 15 26 45
4 25 32 78
5 21 58 67
6 83 84 91 97 98 100
7 57 59 87
8 51 79 95
9 43 46 65 99
10 22 80
11 16 68 86 89
12 1 18 23
13 39 60 72
14 6 10
15 2 44
16 8 73
17 35 66 69
18 11 50 82
19 41 49
20 40 61
21 53 55 63 88
22 5 29
23 52 71 96
24 47 54
25 7 33
26 4 24 37
27 3 30 42
28 56 75
29 31 36 85
30 62 90
31 64 76
32 17 81
33 38 92
34 48 94
35 20 27 93
36 12 14 34
37 19 74 77
EOF