NAME : XML100_3135_24
DIMENSION : 101
NB_CLUSTERS : 31
CLUSTERING_ALG : DBSCAN
CLUSTERING_PARAMS : eps(51), minSamples(3)
CLUSTERS
1 0
2 1 4 5 10 30 52 72 83
3 2 8 14 55
4 12 29 42 49 70 76
5 18 20 37 69 74 75 82 89 92
6 21 32 59 66
7 9 51 53 60 77
8 39 68 73 86 93
9 23 25 31 33 64
10 13 16 41 87
11 24 96
12 43 48 95
13 17 85 90
14 7 28 34
15 15 88
16 19 61 63
17 44 46 78
18 57 58
19 40 54 67
20 27 38
21 71 99
22 11 100
23 56 98
24 22 81
25 35 62
26 6 50 80
27 3 79
28 45 65 97
29 26 47
30 36 94
31 84 91
EOF