NAME : XML100_1125_06
DIMENSION : 101
NB_CLUSTERS : 29
CLUSTERING_ALG : DBSCAN
CLUSTERING_PARAMS : eps(63), minSamples(3)
CLUSTERS
1 0
2 2 4 18 46 49 51 69 94
3 8 34 54 65
4 19 66 83
5 6 21 25 32 63 96
6 1 24 38 44 47 84 89
7 5 31 37 74
8 59 79 99 100
9 41 68 82 88
10 7 33 87
11 17 20 29 42 45 73 95
12 27 43 58 97
13 22 55 72 80
14 23 56
15 90 91
16 28 70
17 48 77
18 13 62
19 26 35 64 81
20 3 71
21 30 76
22 12 50
23 86 98
24 10 36 57
25 39 93
26 52 78
27 14 16 53 61 67 75
28 9 11 40 60 85
29 15 92
EOF