NAME : XML100_3362_14
DIMENSION : 101
NB_CLUSTERS : 33
CLUSTERING_ALG : DBSCAN
CLUSTERING_PARAMS : eps(20), minSamples(3)
CLUSTERS
1 0
2 11 15 34 37 54 62 79
3 61 88 100
4 43 57 65 86
5 6 56 60 72 82
6 3 49 76
7 13 45 93 99
8 74 83
9 48 81
10 27 77 84
11 14 51
12 10 53 89
13 19 20 22 46
14 17 71
15 42 44 67 91
16 23 85
17 5 38
18 24 30 31 40 73
19 50 80
20 8 25 58 59 87
21 29 68 78
22 55 66 92
23 4 7 70 94
24 63 96
25 2 36 75
26 12 21
27 35 41 47 69
28 90 95
29 16 28 64
30 1 97
31 32 33 98
32 9 39
33 18 26 52
EOF