NAME : XML100_3156_04
DIMENSION : 101
NB_CLUSTERS : 33
CLUSTERING_ALG : KMeans
CLUSTERING_PARAMS : k(42)
CLUSTERS
1 0
2 21 74 84
3 1 50 52 79
4 29 58 81 97
5 28 68 78
6 4 12 75 88
7 15 26 46 54 87
8 41 51
9 71 73 85
10 2 10 16
11 19 91
12 24 30
13 32 47 64
14 20 33
15 23 34 44 98
16 43 72 77
17 62 99
18 45 92 93
19 5 17 22 39 82
20 38 40 60 100
21 25 67 76
22 6 11 27 53 66
23 36 65
24 13 57 61
25 55 63
26 9 31 37 80
27 7 42 70
28 83 89 96
29 59 69 90
30 8 18 56
31 35 86
32 49 95
33 3 14 48 94
EOF