NAME : XML100_1166_14
DIMENSION : 101
NB_CLUSTERS : 32
CLUSTERING_ALG : DBSCAN
CLUSTERING_PARAMS : eps(48), minSamples(3)
CLUSTERS
1 0
2 6 30 49 59
3 43 73 83 91
4 64 66 82 96
5 2 25 40 53 61 76 95 99 100
6 54 94
7 17 90
8 33 42
9 18 39 45 72 89
10 75 97
11 37 52 74
12 11 26 27 48
13 24 31
14 14 23 58 70
15 15 29 50 57
16 41 92
17 8 13
18 62 67 85
19 34 44 71 88
20 22 56 68
21 1 4 9 12 86
22 51 84
23 69 77 93
24 3 19 21 60 98
25 28 47
26 38 55 79
27 65 80
28 46 63
29 10 20 32 78
30 35 36
31 5 81 87
32 7 16
EOF