NAME : XML100_1145_27
DIMENSION : 101
NB_CLUSTERS : 34
CLUSTERING_ALG : KMeans
CLUSTERING_PARAMS : k(39)
CLUSTERS
1 0
2 3 39
3 15 21 40
4 9 23
5 48 52 76
6 31 77 80
7 36 45 49 63
8 19 53 83
9 35 70 90
10 30 37
11 16 57 74 94
12 7 28 61 86
13 13 41 43 81
14 6 12
15 32 33 55
16 65 67 92
17 26 46 56 60 69 85
18 11 20 34 75
19 10 59 82
20 29 66 89
21 4 50 51 79
22 1 14 24 54
23 64 72 100
24 2 93
25 8 38 78
26 91 96
27 22 42 98
28 5 27
29 17 25 62 97
30 73 99
31 58 88
32 18 47 84
33 44 71 87
34 68 95
EOF