NAME : XML100_3125_07
DIMENSION : 101
NB_CLUSTERS : 27
CLUSTERING_ALG : DBSCAN
CLUSTERING_PARAMS : eps(55), minSamples(3)
CLUSTERS
1 0
2 4 19 62 64 89 97
3 2 6 67 77 78 98
4 9 65 81 87 96
5 18 23 33 35 40 48 66 70 85 92 95
6 16 20 25 68
7 3 30 76 80 90 93 99
8 36 43 45 54 69
9 24 44 60 61
10 5 46 57 72 73 74 79 100
11 14 55 63
12 11 51 86
13 7 34
14 58 71
15 22 32
16 15 38
17 8 26
18 10 39 49 53
19 31 59 75
20 13 47 84
21 17 27 94
22 28 82
23 83 88 91
24 21 50 52
25 12 41
26 37 42 56
27 1 29
EOF