NAME : XML100_3121_21
DIMENSION : 101
NB_CLUSTERS : 34
CLUSTERING_ALG : DBSCAN
CLUSTERING_PARAMS : eps(38), minSamples(3)
CLUSTERS
1 0
2 13 26 75 82 89
3 43 58 61 65 68 99
4 21 29 54
5 41 83 95
6 27 48
7 28 40 69
8 9 12 34 63
9 8 31 49 90 100
10 10 23 51 52 87
11 50 57 62 66 91
12 79 97
13 39 64
14 37 47 92
15 14 16 45
16 11 80
17 24 55 59
18 42 44 93
19 20 38 53
20 30 78
21 18 19 72 73
22 46 67
23 35 36 60
24 4 33 74 77 86
25 2 76
26 5 15
27 32 81
28 22 88 96
29 6 7
30 1 94
31 3 71 85
32 25 98
33 17 70
34 56 84
EOF