NAME : XML100_2136_06
DIMENSION : 101
NB_CLUSTERS : 33
CLUSTERING_ALG : KMeans
CLUSTERING_PARAMS : k(39)
CLUSTERS
1 0
2 13 59 97
3 20 35
4 2 33 47 53
5 8 49
6 37 39 57 61 65 72
7 9 18 68
8 26 30 71 77 88
9 21 80 100
10 28 86
11 1 51
12 27 73 75
13 25 94 99
14 4 10 17 29 44 69
15 3 56 95
16 32 46 52 62
17 43 48 76
18 22 23 55 58
19 34 82
20 19 54 93
21 5 6 11 98
22 70 83 90
23 67 78 96
24 12 87
25 14 36 81
26 42 45
27 41 79
28 31 85 92
29 15 38 63 74
30 7 24 66
31 40 84
32 16 50 89 91
33 60 64
EOF