NAME : XML100_2172_16
DIMENSION : 101
NB_CLUSTERS : 27
CLUSTERING_ALG : DBSCAN
CLUSTERING_PARAMS : eps(59), minSamples(3)
CLUSTERS
1 0
2 7 33 43 75 80
3 8 18 21 28 38 51 52 59 67 100
4 10 87 99
5 12 55 76
6 14 16 25 27 31 50 57 79 83
7 15 29 41 47 66 69
8 24 60 62 96
9 32 35 94
10 46 78 85 98
11 2 49 53 95
12 1 45 54 68 72 81 86 92 93
13 13 63
14 11 74
15 48 56 64
16 26 90
17 17 44 71 84
18 34 36
19 65 82
20 20 22 58 61 73
21 9 30
22 37 70
23 5 97
24 3 6 77 91
25 4 19 23
26 39 40 89
27 42 88
EOF