NAME : XML100_3165_01
DIMENSION : 101
NB_CLUSTERS : 29
CLUSTERING_ALG : DBSCAN
CLUSTERING_PARAMS : eps(46), minSamples(3)
CLUSTERS
1 0
2 4 10 24 63 72 73 84
3 6 11 41 42 59 64 96
4 30 38 87
5 46 65 97
6 50 58 74
7 51 52 93
8 49 54 60 76 78
9 5 8 12 75
10 1 22 40 43 53 80 83
11 9 77
12 19 32 39 86 91
13 15 21 81
14 14 18
15 26 34 94
16 16 23 28 29 95
17 25 35 48
18 61 67
19 85 88
20 31 36 57
21 2 56
22 13 62 99 100
23 55 90 98
24 27 47
25 7 20 70 82
26 17 79
27 37 71
28 3 33 45 69 89 92
29 44 66 68
EOF