NAME : XML100_3152_23
DIMENSION : 101
NB_CLUSTERS : 34
CLUSTERING_ALG : KMeans
CLUSTERING_PARAMS : k(35)
CLUSTERS
1 0
2 41 79 89
3 14 100
4 30 45 60 66 73
5 10 32 46
6 21 48 68
7 25 35 55 62 67
8 29 43 56 84 94
9 18 26 28 49
10 31 47
11 6 88
12 2 39 69 87
13 37 40
14 16 50 95
15 20 86
16 5 24
17 3 7 19 96
18 1 23 36 63 80
19 59 75
20 61 91
21 9 27 57 74 83 93
22 33 64
23 11 12 44
24 34 77 81
25 51 52
26 22 82 85
27 17 70 71
28 4 38
29 58 92 98 99
30 65 90
31 15 72 97
32 53 54
33 13 76
34 8 42 78
EOF