NAME : XML100_3252_11
DIMENSION : 101
NB_CLUSTERS : 27
CLUSTERING_ALG : DBSCAN
CLUSTERING_PARAMS : eps(23), minSamples(3)
CLUSTERS
1 0
2 2 46 58 73 79 81 85 89 98
3 8 13 50 61 76
4 4 12 59 77 80 83 84
5 5 14 23 49 53 56 93 100
6 18 63 97
7 26 27 34 62 72
8 32 86 88 90
9 36 45 47 48 74
10 30 54 55 64 67 69
11 42 44
12 28 38 65 68
13 7 10
14 60 92
15 33 39 41 82
16 22 40
17 11 15
18 16 21 37 70
19 3 66
20 9 43 51 87
21 31 94
22 17 19 35
23 52 96
24 20 25 99
25 71 78 91 95
26 1 6 24 29
27 57 75
EOF