NAME : XML100_3175_15
DIMENSION : 101
NB_CLUSTERS : 28
CLUSTERING_ALG : DBSCAN
CLUSTERING_PARAMS : eps(66), minSamples(3)
CLUSTERS
1 0
2 3 35 62 64 74
3 5 20 33 41 65 70 77 80 95
4 2 7 24 40 46 54 55 56 60 67 87
5 8 28 38 94
6 9 48 79
7 32 43 92
8 29 34 91
9 4 37 53 59 81
10 47 71 84 88 100
11 14 25 50 78
12 51 82 86
13 21 45 61 72 76
14 10 26 90
15 22 36 57
16 6 97
17 1 18 31 44 96
18 15 23
19 49 69 98
20 39 83
21 58 73 75
22 11 42
23 19 93
24 17 63
25 12 16 52
26 13 68 89 99
27 30 66
28 27 85
EOF