NAME : XML100_3165_06
DIMENSION : 101
NB_CLUSTERS : 32
CLUSTERING_ALG : DBSCAN
CLUSTERING_PARAMS : eps(55), minSamples(3)
CLUSTERS
1 0
2 2 46 67 91
3 1 6 83 85 87
4 13 28 65 80
5 29 30 71 82 92
6 33 36 57 89
7 15 49 61 86
8 38 51 74 98
9 25 26 34 44 52 53 77
10 3 60 94 100
11 7 11 27 37 63 76 78 84 96
12 18 45 56
13 8 16 58
14 4 54 59
15 48 64
16 12 70
17 14 69
18 10 19 90
19 17 72
20 24 55
21 42 79
22 50 66
23 40 75
24 35 43
25 9 21 23
26 5 31 32
27 20 93
28 73 97
29 39 81 88
30 41 68
31 62 95 99
32 22 47
EOF