NAME : XML100_2254_25
DIMENSION : 101
NB_CLUSTERS : 27
CLUSTERING_ALG : DBSCAN
CLUSTERING_PARAMS : eps(19), minSamples(3)
CLUSTERS
1 0
2 2 25 49 67 75
3 3 38 44 63 72
4 7 51 52 55 71 83
5 8 18 35 64 68 77 78
6 39 43 58 82 88 94 96 100
7 11 12 17 53 62 74 79
8 19 31
9 23 26 60 61 93 98
10 10 14 48 50 69
11 30 85 97
12 16 99
13 9 40
14 34 84
15 46 47
16 29 70 81
17 54 66 95
18 4 6 73 76 80
19 5 37
20 22 42 87 89
21 1 20 92
22 33 90
23 15 27 36 41
24 65 91
25 13 57
26 21 24 45 56
27 28 32 59 86
EOF