NAME : XML100_3352_02
DIMENSION : 101
NB_CLUSTERS : 28
CLUSTERING_ALG : DBSCAN
CLUSTERING_PARAMS : eps(31), minSamples(3)
CLUSTERS
1 0
2 1 4 12 18 20 22 24 28 49 58 63 64 72 78 96
3 7 33 35 73
4 9 15 30 95
5 26 42 62 71
6 3 31 89 93 94
7 41 54 56 77 85
8 36 47
9 52 67
10 6 43 69 74 88 97 99
11 8 27 87
12 40 61
13 14 16 53 65
14 38 82
15 19 23 25 44 50
16 10 75
17 17 29 59 68
18 37 45 91
19 2 13 80 84 100
20 32 34 39 51 98
21 60 70
22 76 86
23 55 81
24 21 66 90
25 5 11
26 79 83
27 46 48
28 57 92
EOF