NAME : XML100_3124_01
DIMENSION : 101
NB_CLUSTERS : 35
CLUSTERING_ALG : KMeans
CLUSTERING_PARAMS : k(41)
CLUSTERS
1 0
2 26 86
3 21 28 57 68 96
4 40 43 58
5 4 10 66 72
6 29 55 61 69
7 35 45
8 7 11 25 76
9 46 77
10 30 42 83
11 16 23 80
12 24 27
13 9 36
14 47 81 97 98
15 53 73 85
16 2 44 62 64
17 38 95
18 5 39 56 99
19 8 94
20 3 52 78 91 92
21 19 33
22 13 22
23 34 54 65 74
24 1 49 87
25 18 20 79
26 48 59 84
27 6 15
28 14 67 82
29 32 51
30 41 70
31 12 31 100
32 37 90
33 50 63 71 89
34 17 75 88
35 60 93
EOF