NAME : XML100_1156_01
DIMENSION : 101
NB_CLUSTERS : 34
CLUSTERING_ALG : DBSCAN
CLUSTERING_PARAMS : eps(56), minSamples(3)
CLUSTERS
1 0
2 1 13 34 37 40 44 83 92
3 4 9 43 49 72
4 5 60 97
5 8 21 81 90
6 28 36 57 75 95
7 10 38 42 74 84 85
8 30 51 78
9 12 15 73
10 17 20 29 80 98
11 24 63 65 88 99
12 41 79
13 3 23
14 26 61
15 25 94
16 11 22 45
17 33 52 62
18 7 16
19 19 82
20 55 86
21 54 76
22 31 35 91
23 56 70
24 27 46 87
25 59 100
26 2 32
27 58 93
28 18 68
29 53 71 77
30 6 50 67
31 39 48
32 14 96
33 69 89
34 47 64 66
EOF