NAME : XML100_3143_24
DIMENSION : 101
NB_CLUSTERS : 28
CLUSTERING_ALG : DBSCAN
CLUSTERING_PARAMS : eps(52), minSamples(3)
CLUSTERS
1 0
2 12 17 65 74 75 81 90
3 11 13 80
4 14 24 42 93
5 20 28 30 59 96 97
6 34 35 76
7 46 56 57 70 73 84
8 16 25 41 48 52 69 92
9 40 47 60 62 88 94
10 38 71 78 82
11 21 39 63
12 27 68 98
13 10 18 53
14 36 61 72 91
15 2 8 58 77 85
16 7 79
17 3 50
18 15 19 31 89
19 51 55 100
20 6 26 54 64
21 67 83
22 44 45 86
23 29 32
24 23 95 99
25 37 66
26 33 43
27 1 4 9 22
28 5 49 87
EOF