NAME : XML100_3124_01
DIMENSION : 101
NB_CLUSTERS : 33
CLUSTERING_ALG : DBSCAN
CLUSTERING_PARAMS : eps(35), minSamples(3)
CLUSTERS
1 0
2 4 10 66 72
3 47 81 97 98
4 26 53 73 85 86
5 46 77
6 5 39 40
7 35 45
8 17 44 75 88
9 34 50 54 63 65 71 74 89
10 16 23 80
11 7 11 25 76
12 2 62 64
13 3 52 78 91 92
14 56 99
15 21 28 57 68 96
16 13 22 24 27
17 29 55 61 69
18 30 42 83
19 37 90
20 6 15
21 1 49 87
22 41 70
23 38 95
24 9 36
25 60 93
26 19 33
27 14 67 82
28 8 94
29 48 59 84
30 18 20 79
31 32 51
32 12 31 100
33 43 58
EOF