NAME : XML100_3175_18
DIMENSION : 101
NB_CLUSTERS : 32
CLUSTERING_ALG : DBSCAN
CLUSTERING_PARAMS : eps(72), minSamples(3)
CLUSTERS
1 0
2 2 50 53 58 88
3 4 36 47
4 10 17 18
5 21 39 63 89
6 24 40 78 95
7 26 28 64 71 99
8 14 25 32 54 57 67 72
9 33 83 94
10 31 43 73 76 77 85
11 46 86 90
12 38 52 66 75
13 9 15 59 84
14 6 11 34 92 93
15 5 20 65
16 37 41
17 1 91
18 22 27 80 98 100
19 23 49
20 42 74
21 45 70
22 8 87
23 3 51 61 62
24 12 44
25 13 79
26 19 30
27 56 81 96
28 16 97
29 48 68
30 60 69
31 7 29
32 35 55 82
EOF