NAME : XML100_1176_18
DIMENSION : 101
NB_CLUSTERS : 28
CLUSTERING_ALG : DBSCAN
CLUSTERING_PARAMS : eps(60), minSamples(3)
CLUSTERS
1 0
2 8 28 40 41 45 80
3 9 11 81
4 10 59 67 68 75 76 78
5 13 34 37 71 74 90
6 16 51 82
7 3 17 21 32 61 79 96
8 18 27 50 66 100
9 19 30 43 48 92
10 22 77 91
11 33 36 42
12 35 57 83 89
13 23 52 97
14 55 63 86 95
15 6 39 62 73 94
16 1 5 49 58
17 12 54 64
18 7 44 87 93
19 26 98 99
20 2 14
21 24 65
22 53 60 88
23 20 46
24 15 56 69
25 38 72 85
26 4 29 31
27 47 70
28 25 84
EOF