NAME : XML100_3176_05
DIMENSION : 101
NB_CLUSTERS : 27
CLUSTERING_ALG : DBSCAN
CLUSTERING_PARAMS : eps(61), minSamples(3)
CLUSTERS
1 0
2 7 35 88
3 8 10 11 38 60 73
4 9 16 17 70 99
5 15 19 23 76 84
6 25 32 33 69 81
7 46 47 58 67
8 6 22 48 68 94 98
9 1 36 37 41 63 75 79 87
10 56 78
11 43 64 66
12 34 93
13 13 39 59 61
14 3 31 71 85 89 90
15 45 92
16 52 82 97 100
17 49 54 57 91
18 5 12 18 21 27 95
19 20 24 44
20 65 77
21 28 51 86
22 30 50 72
23 42 55 96
24 2 53 62 74
25 29 83
26 4 26 40
27 14 80
EOF