NAME : XML100_3165_14
DIMENSION : 101
NB_CLUSTERS : 30
CLUSTERING_ALG : DBSCAN
CLUSTERING_PARAMS : eps(56), minSamples(3)
CLUSTERS
1 0
2 1 20 25 34 50 81 91 97
3 7 8 96
4 14 95 99
5 17 73 100
6 5 18 27 38 45 48 53 56 89
7 21 24 61 80 82 94
8 12 22 36 62 63
9 2 3 26 33 42 83 84
10 6 28 86
11 9 70
12 19 79
13 30 37 41 47 72
14 13 15 55 60 77
15 90 98
16 32 44 51
17 23 39 67 69 93
18 11 64 71
19 29 31
20 10 16 78
21 76 88
22 52 85
23 57 59
24 4 92
25 43 66
26 46 49
27 58 65
28 35 74
29 54 75
30 40 68 87
EOF