NAME : XML100_1132_04
DIMENSION : 101
NB_CLUSTERS : 30
CLUSTERING_ALG : DBSCAN
CLUSTERING_PARAMS : eps(41), minSamples(3)
CLUSTERS
1 0
2 3 15 23 37 52 86
3 2 6 32 51 81
4 28 33 75 78
5 25 35 49 50 63 99
6 38 54 56 76 98
7 11 41 45 47 48 66 89
8 29 31 34 55 59
9 12 22 53 72 82
10 13 30 46 74
11 5 10 92
12 16 21 36 69 73 97
13 1 17 70
14 85 90 100
15 7 40
16 9 24
17 4 80 87
18 18 93
19 79 91 95
20 20 26 96
21 14 43 57 61
22 19 44
23 39 71
24 58 83
25 8 60 62
26 77 88
27 64 67
28 65 84
29 42 68
30 27 94
EOF