NAME : XML100_1174_22
DIMENSION : 101
NB_CLUSTERS : 31
CLUSTERING_ALG : DBSCAN
CLUSTERING_PARAMS : eps(47), minSamples(3)
CLUSTERS
1 0
2 1 9 15 29 42 52
3 6 8 22 46 49 56
4 20 36 45 99
5 23 35 37 54 73 84
6 34 60 80
7 12 14 16 18 61 64 76 87 93
8 69 81 88 89
9 77 96
10 7 24 48 68 78
11 17 19 27 97
12 65 66 72
13 30 39 57 82
14 2 5 55 85
15 3 4 47 50 100
16 44 95
17 10 74
18 33 71
19 38 67
20 21 43
21 11 90
22 40 86
23 51 91
24 26 31 75
25 92 94
26 13 83
27 53 62
28 28 32
29 25 41 59 63
30 70 98
31 58 79
EOF