NAME : XML100_1175_19
DIMENSION : 101
NB_CLUSTERS : 29
CLUSTERING_ALG : DBSCAN
CLUSTERING_PARAMS : eps(64), minSamples(3)
CLUSTERS
1 0
2 2 3 11 87 97
3 4 35 95
4 6 20 21 67 77
5 7 30 93
6 8 19 38 52 59 75 79 86
7 18 26 62 71
8 28 48 65 83
9 33 64 70 91
10 25 44 49 74 90 94
11 46 47 55 56
12 43 50 60 92
13 12 23 29 98
14 27 31 41 57 73 99
15 37 42 63 96
16 13 53 69 89
17 22 51 88
18 61 78
19 10 34 72 85
20 9 24
21 15 66 81
22 58 84
23 1 68
24 45 54
25 14 36
26 17 39 76 100
27 32 80
28 5 16
29 40 82
EOF