NAME : XML100_3175_22
DIMENSION : 101
NB_CLUSTERS : 30
CLUSTERING_ALG : DBSCAN
CLUSTERING_PARAMS : eps(49), minSamples(3)
CLUSTERS
1 0
2 9 22 57 77
3 14 18 64 75
4 4 15 41 54
5 3 29 31 35 42 43 60 63 73
6 8 46 78 81 83
7 24 61 71 97
8 20 58 66 67 86 93 98
9 19 44 47 76
10 13 80 95
11 5 36 51
12 23 48
13 38 100
14 30 40
15 32 45 84
16 37 59
17 28 33 69 82
18 11 50 74
19 12 79
20 53 91
21 27 68 70
22 10 17 21 72 88 92
23 52 99
24 2 6 87
25 25 89
26 39 56 85
27 49 55
28 1 7 65 96
29 16 26 34 94
30 62 90
EOF