NAME : XML100_3332_05
DIMENSION : 101
NB_CLUSTERS : 27
CLUSTERING_ALG : DBSCAN
CLUSTERING_PARAMS : eps(38), minSamples(3)
CLUSTERS
1 0
2 1 9 75 81 95 97
3 5 68 83 92
4 3 17 21 25 26 30 31 39 51 54 60 64 65 69 73 79
5 20 50 58 91
6 49 87 98
7 38 63 71 72 99
8 2 12 47 78
9 19 28 55 56 77 80
10 33 66
11 6 15 37 86
12 8 18 24
13 46 84
14 57 62 96
15 29 35 48 52
16 10 70 82 100
17 14 85
18 53 61 89 93
19 4 11 45
20 67 90
21 27 40 88
22 32 94
23 22 41 59
24 13 76
25 7 42
26 16 23 34 43 44
27 36 74
EOF