NAME : XML100_3143_04
DIMENSION : 101
NB_CLUSTERS : 31
CLUSTERING_ALG : DBSCAN
CLUSTERING_PARAMS : eps(35), minSamples(3)
CLUSTERS
1 0
2 2 28 67
3 20 34 42 59 68 84 91 93
4 12 23 50 80 89
5 25 75 88
6 19 22 41
7 4 38 65
8 48 60 100
9 1 51 69
10 29 58 95
11 3 43 47 52
12 6 7
13 73 74 92 96
14 46 64 71 94
15 82 99
16 49 77 81
17 13 40 57 98
18 17 61 72
19 8 15 24 30
20 31 53 76 78 79
21 5 21 39 66
22 56 85
23 9 18 36
24 11 97
25 35 55
26 14 54
27 16 26 70 87 90
28 32 45
29 33 37
30 63 83
31 10 27 44 62 86
EOF