NAME : XML100_2134_16
DIMENSION : 101
NB_CLUSTERS : 30
CLUSTERING_ALG : DBSCAN
CLUSTERING_PARAMS : eps(53), minSamples(3)
CLUSTERS
1 0
2 1 3 36 82 90
3 8 30 48 59 71 73 78 100
4 12 43 50 95
5 4 13 49 85 89
6 18 41 66 74
7 19 52 75 92 98
8 54 55 56 91
9 9 23 27 33 60 80
10 21 70 72
11 2 11 15
12 14 46 51 53 86
13 64 65 87
14 34 45
15 16 24 35 97 99
16 25 44
17 39 77
18 26 84
19 17 37
20 22 76
21 10 83
22 69 94
23 6 29 63
24 20 40
25 42 58 96
26 7 28 81
27 62 67
28 32 57 88
29 5 38 61 93
30 31 47 68 79
EOF