NAME : XML100_3133_20
DIMENSION : 101
NB_CLUSTERS : 34
CLUSTERING_ALG : KMeans
CLUSTERING_PARAMS : k(41)
CLUSTERS
1 0
2 12 41 85
3 24 63
4 57 60 62
5 13 54 66 86
6 39 55 84
7 4 88
8 17 65
9 61 91
10 5 64 68
11 16 18 26 29 72 87
12 45 74 78 79
13 8 34 76
14 14 33 40 42 51 83 89
15 1 30 38
16 75 90 93
17 10 11 21 23 70
18 48 95
19 71 82 100
20 47 58 94 98
21 15 92
22 22 27
23 6 7 9
24 2 96
25 44 52 53
26 28 69 97
27 32 77 80 99
28 3 50 56
29 36 43 67
30 19 37
31 73 81
32 35 59
33 46 49
34 20 25 31
EOF