NAME : XML100_1146_01
DIMENSION : 101
NB_CLUSTERS : 29
CLUSTERING_ALG : DBSCAN
CLUSTERING_PARAMS : eps(34), minSamples(3)
CLUSTERS
1 0
2 11 17 42 48 50 62 73 82 89
3 45 46 55
4 3 10 26 31 52 76 91 92 98 100
5 54 70 85
6 24 29 57
7 88 96
8 34 95
9 18 37 72
10 15 38 40
11 1 21 44 83
12 25 58
13 6 60
14 27 28 64 93
15 5 14 47 49 71 84
16 59 63 80 86
17 36 87
18 20 41 66 68 78 99
19 51 97
20 13 16 33 61
21 35 77
22 30 43 69
23 19 53 56 90
24 7 23
25 8 75 94
26 4 81
27 9 12
28 22 39 65 74 79
29 2 32 67
EOF