NAME : XML100_1176_15
DIMENSION : 101
NB_CLUSTERS : 33
CLUSTERING_ALG : DBSCAN
CLUSTERING_PARAMS : eps(45), minSamples(3)
CLUSTERS
1 0
2 4 26 83
3 5 25 91 93
4 24 45 54
5 35 46 75
6 3 50 53 96 97
7 23 55 86 98 100
8 63 76 99
9 1 13 18 77 81
10 36 69 80
11 9 52 67
12 42 49 82 85
13 10 78 88
14 6 8 70 71
15 43 65 73
16 16 40
17 47 58 59 79
18 2 20 95
19 11 19 22 34 57
20 27 68
21 48 92
22 12 33
23 7 31 62 87 90
24 39 61 66
25 14 72
26 15 21 30
27 38 84
28 17 60 94
29 32 44
30 29 51
31 37 41 74
32 28 89
33 56 64
EOF