NAME : XML100_1374_19
DIMENSION : 101
NB_CLUSTERS : 31
CLUSTERING_ALG : DBSCAN
CLUSTERING_PARAMS : eps(29), minSamples(3)
CLUSTERS
1 0
2 1 37 38 76 87
3 9 13 16 60 75 84
4 21 29 46 72 93
5 22 36 58
6 14 39 43 44 45 94 97
7 48 49 51 69
8 3 23 59
9 5 27 80
10 28 32 81
11 4 56
12 61 64 98
13 24 63 70 99
14 20 62 83
15 17 25 26 65 66
16 33 90 92
17 19 79 89
18 52 53 57
19 11 47 100
20 18 35
21 40 78 85
22 42 71
23 73 82 91
24 6 12 41
25 50 86 95 96
26 10 77
27 7 15 31
28 8 30 54 67
29 2 68
30 34 74
31 55 88
EOF