NAME : XML100_3163_02
DIMENSION : 101
NB_CLUSTERS : 28
CLUSTERING_ALG : DBSCAN
CLUSTERING_PARAMS : eps(57), minSamples(3)
CLUSTERS
1 0
2 5 65 94
3 9 35 63
4 11 33 96
5 26 28 41 78 87
6 1 14 23 27 34 85 91
7 30 38 62 67 83 93
8 25 40 73 77 79 88 89
9 47 51 60
10 12 31 55 56 69 70 97
11 57 82 98
12 3 18 29 59 68 84 86 99 100
13 6 37 50
14 75 80
15 49 52 71
16 46 53 54 76 90
17 42 43
18 2 61
19 16 17 19 36 39
20 32 58
21 74 95
22 7 10 48
23 13 20
24 66 72 92
25 64 81
26 15 22 44
27 4 24 45
28 8 21
EOF