NAME : XML100_3175_18
DIMENSION : 101
NB_CLUSTERS : 36
CLUSTERING_ALG : KMeans
CLUSTERING_PARAMS : k(42)
CLUSTERS
1 0
2 5 20 65
3 7 29
4 79 81 96
5 34 93
6 33 83 94
7 46 86 90
8 53 88
9 31 43 73 76 77 85
10 24 40 78 95
11 26 28 64 71 99
12 25 67
13 10 17 18
14 22 80
15 35 55 82
16 1 91
17 16 97
18 38 52 66 75
19 45 70
20 21 39 63 89
21 4 36 47
22 19 30
23 37 41
24 6 11 92
25 8 87
26 12 44
27 48 68
28 3 51 61 62
29 32 57 72
30 60 69
31 23 49
32 2 13 50 58
33 27 56 98 100
34 14 54
35 9 15 59 84
36 42 74
EOF