NAME : XML100_3153_11
DIMENSION : 101
NB_CLUSTERS : 30
CLUSTERING_ALG : DBSCAN
CLUSTERING_PARAMS : eps(66), minSamples(3)
CLUSTERS
1 0
2 2 14 60 93
3 4 58 73
4 13 33 59 61 83 99
5 15 20 36 48
6 16 63 78
7 22 39 42 51 67 90 94 100
8 52 57 62 68 69 77 84 86 95
9 23 29 44 74 81
10 66 79 91
11 10 12 80 97
12 21 38 50 70 72 88 89
13 7 18 49
14 46 92
15 35 71
16 26 37 47
17 55 75
18 25 27
19 8 56 64
20 82 85
21 9 28 41 45
22 19 76
23 24 65
24 1 3 87 98
25 53 54
26 5 40
27 11 34 43
28 6 17
29 32 96
30 30 31
EOF