NAME : XML100_3171_21
DIMENSION : 101
NB_CLUSTERS : 28
CLUSTERING_ALG : DBSCAN
CLUSTERING_PARAMS : eps(70), minSamples(3)
CLUSTERS
1 0
2 1 28 42
3 2 41 60 83 99
4 3 10 35 59 69 71 84 93 95
5 6 7 46 56
6 8 31 58
7 11 17 38 47 51 70 74 94
8 12 32 67 88
9 20 25 37
10 26 27 49 55 75 89
11 29 50 61 63 64 76 86 91 92
12 16 40 62 98
13 33 43 57 78
14 48 77 96
15 21 65 85
16 13 24 30 66 73 80
17 22 36
18 34 68
19 39 81
20 5 9 15
21 19 87
22 4 45
23 44 82
24 79 97
25 14 23
26 52 54
27 53 90
28 18 72 100
EOF