NAME : XML100_3154_23
DIMENSION : 101
NB_CLUSTERS : 35
CLUSTERING_ALG : KMeans
CLUSTERING_PARAMS : k(41)
CLUSTERS
1 0
2 39 53 72 77
3 23 70 90
4 28 47 58 66 88
5 6 14 31 80
6 37 79
7 22 36 96
8 7 52
9 10 61
10 9 62 65 82
11 59 89
12 32 60
13 35 44 51 63 92
14 3 15 43
15 24 40 41 49 54
16 1 50 86 87
17 2 46 56 69
18 45 99
19 42 71 83
20 16 21 95
21 75 76
22 20 27 34
23 85 91
24 5 57
25 25 30 81 94
26 55 73
27 74 84
28 19 97 98 100
29 4 12 93
30 17 33
31 13 78
32 29 48
33 26 64 67
34 8 11 18
35 38 68
EOF