NAME : XML100_3366_26
DIMENSION : 101
NB_CLUSTERS : 28
CLUSTERING_ALG : DBSCAN
CLUSTERING_PARAMS : eps(51), minSamples(3)
CLUSTERS
1 0
2 2 6 11 18 40 49 64 76 94 95
3 3 37 85
4 5 10 12 27 31 44 52 60 62 72 89 97
5 7 29 43 50 74 82
6 9 13 39 42 66 78 96
7 4 15 41
8 19 21 61 69 73
9 54 58 79 84 90
10 32 55 56 91 98
11 22 83
12 51 70
13 45 47 75
14 14 25
15 34 46
16 48 71
17 16 80
18 1 24 28 59 99
19 53 67 100
20 17 38 93
21 33 57 65 77
22 26 35
23 8 20
24 81 87
25 68 92
26 63 86
27 30 88
28 23 36
EOF