NAME : XML100_1176_17
DIMENSION : 101
NB_CLUSTERS : 30
CLUSTERING_ALG : DBSCAN
CLUSTERING_PARAMS : eps(40), minSamples(3)
CLUSTERS
1 0
2 10 44 55 70 72
3 17 39 42 58 96
4 31 57 59 74
5 28 43 60 87
6 30 36 68 80 82 86 88 89 95
7 37 67 78
8 8 40 53
9 47 75
10 3 19 45
11 1 29 41 69 76
12 61 94
13 9 21 38 56
14 5 14 25 92 100
15 90 97
16 4 24 65
17 2 6 13 33 51 73 99
18 15 20 35 63 81
19 50 62 66
20 48 93
21 18 91
22 12 52 64
23 7 32
24 77 79 85
25 16 34 98
26 54 83
27 27 46 84
28 23 26
29 22 49
30 11 71
EOF