NAME : XML100_1173_22
DIMENSION : 101
NB_CLUSTERS : 28
CLUSTERING_ALG : DBSCAN
CLUSTERING_PARAMS : eps(45), minSamples(3)
CLUSTERS
1 0
2 16 39 43 45 63 87 99
3 18 20 38 41 50
4 22 37 55 92
5 21 32 42 51 59 97
6 86 93
7 56 65
8 23 25 44 70 98
9 8 27 29 74
10 31 36 46 89 95
11 11 13 28
12 58 66 69 79 91
13 1 34 71
14 6 10 47 53 62 80 84
15 30 52
16 57 61
17 2 7 14 15 19 100
18 35 60
19 4 17 49 77
20 33 40 88
21 5 72 73 76
22 12 54 78 85
23 75 94
24 48 64
25 3 9 96
26 82 83 90
27 26 81
28 24 67 68
EOF