NAME : XML100_3142_14
DIMENSION : 101
NB_CLUSTERS : 33
CLUSTERING_ALG : KMeans
CLUSTERING_PARAMS : k(37)
CLUSTERS
1 0
2 20 29 62 85 97
3 36 56 57
4 73 83
5 1 12 41
6 3 96
7 44 47 58 66 74 95 100
8 8 54
9 69 82 87
10 5 22 23 60 80
11 33 46 77
12 21 30 43 53 63
13 25 78
14 28 34 42 45 50 76
15 65 72
16 24 49 84 88
17 31 93 94
18 13 89 98
19 15 27 35 38 86
20 67 68 91
21 64 79
22 11 59
23 4 9 90
24 17 51 52
25 19 81
26 10 40 61 70
27 18 39
28 2 14 99
29 6 32 71
30 7 37
31 16 26
32 48 92
33 55 75
EOF