NAME : XML100_3133_20
DIMENSION : 101
NB_CLUSTERS : 28
CLUSTERING_ALG : DBSCAN
CLUSTERING_PARAMS : eps(81), minSamples(3)
CLUSTERS
1 0
2 1 19 30 37 38
3 5 64 68
4 8 34 76
5 6 7 9 61 91
6 10 11 13 21 23 54 66 70 86
7 16 18 26 29 47 58 72 87 94 98
8 20 25 31 48 95
9 32 77 80 99
10 14 33 39 40 42 51 83 89
11 45 74 78 79
12 75 90 93
13 2 73 81 96
14 24 63 71 82 100
15 4 88
16 69 97
17 44 52 53
18 35 59
19 22 27
20 3 50 56
21 57 60 62
22 55 84
23 46 49
24 15 92
25 36 67
26 17 65
27 12 41 85
28 28 43
EOF