NAME : XML100_3122_11
DIMENSION : 101
NB_CLUSTERS : 27
CLUSTERING_ALG : DBSCAN
CLUSTERING_PARAMS : eps(32), minSamples(3)
CLUSTERS
1 0
2 27 29 45 62 78 86
3 31 53 55 65
4 22 34 43 47 79 95
5 5 7 54 59 72 84 90
6 9 24 26 51 66 70 77 81
7 4 35
8 1 14 28 48 85 88 94
9 75 97
10 10 11 12 57 63 69 80 93
11 30 76 99
12 2 68 89
13 19 38 52
14 16 20 56
15 3 15 40 100
16 36 50 60 92
17 58 67
18 6 23 39
19 41 87 91
20 25 71
21 44 49 73 96 98
22 32 61
23 37 64
24 8 46
25 13 18 33 82 83
26 17 74
27 21 42
EOF