NAME : XML100_1136_13
DIMENSION : 101
NB_CLUSTERS : 27
CLUSTERING_ALG : DBSCAN
CLUSTERING_PARAMS : eps(73), minSamples(3)
CLUSTERS
1 0
2 1 3 11 13 21 44 51 55
3 2 49 58 65
4 5 7 14 24 40 80 85 86
5 4 10 36 52 68 87
6 15 54 57 96
7 18 48 94
8 22 26 27 30 66 78 98 99
9 17 23 29 41 74
10 28 31 61 62 97
11 34 47 64 95
12 35 43 53 59 70 73
13 37 38 83
14 8 19 50
15 67 76 88
16 69 72 82
17 16 63 79 81 89
18 33 77
19 12 90
20 46 93
21 32 39 60
22 6 45
23 20 25
24 71 75
25 9 91 92
26 42 100
27 56 84
EOF