NAME : XML100_3356_26
DIMENSION : 101
NB_CLUSTERS : 29
CLUSTERING_ALG : DBSCAN
CLUSTERING_PARAMS : eps(16), minSamples(3)
CLUSTERS
1 0
2 36 39 49
3 3 14 24 25 33 47 48 51 68 77 82 85 95 99
4 31 57 59 66 91 93
5 16 50 73 98
6 69 78 96
7 19 61 74
8 18 20 40 83
9 45 67
10 71 88 100
11 8 46 65 70 84 87 97
12 35 76
13 9 22 55
14 42 43
15 12 75
16 34 62 72 90
17 5 29 38 89
18 4 15 37
19 1 7 54
20 60 92
21 13 27
22 11 21 44
23 2 52 58 94
24 10 17 28 30
25 41 63 86
26 53 64
27 6 26 56 81
28 23 32
29 79 80
EOF