NAME : XML100_3174_04
DIMENSION : 101
NB_CLUSTERS : 30
CLUSTERING_ALG : DBSCAN
CLUSTERING_PARAMS : eps(35), minSamples(3)
CLUSTERS
1 0
2 5 23 27 44 63 91
3 16 31 43 51 53 65 72 92 97 99
4 35 81 89
5 41 54 78
6 19 32 46
7 67 69
8 76 77
9 13 18 36 88
10 21 40 62
11 7 11 33 50
12 8 28 66 96
13 2 30 37 70 98
14 3 64
15 1 14 34 49 68
16 74 75 84
17 15 71 80
18 9 26 48 61
19 20 86
20 4 12 17 52 90
21 6 29 45 58 87
22 39 79 83 85
23 24 73
24 22 47 59
25 57 60
26 10 82
27 25 93
28 42 55 95
29 56 94
30 38 100
EOF