NAME : XML100_3166_02
DIMENSION : 101
NB_CLUSTERS : 33
CLUSTERING_ALG : KMeans
CLUSTERING_PARAMS : k(37)
CLUSTERS
1 0
2 13 60 97
3 8 19 37 45 98
4 24 33 57 73
5 14 56 62 79
6 21 66 94
7 32 71 100
8 3 27
9 11 18 28
10 17 35 39 48
11 34 58
12 10 42
13 4 30 61
14 12 51
15 2 31 40 41 52
16 29 47 80 83
17 54 59
18 26 50 96
19 7 16 44 81
20 87 99
21 20 65 92
22 22 74 82 85
23 23 72 89
24 1 6 63 76 78
25 55 69 70 84
26 46 93
27 36 49
28 53 86 88 95
29 15 64
30 5 68 90 91
31 9 75
32 25 67 77
33 38 43
EOF