NAME : XML100_3361_01
DIMENSION : 101
NB_CLUSTERS : 31
CLUSTERING_ALG : DBSCAN
CLUSTERING_PARAMS : eps(29), minSamples(3)
CLUSTERS
1 0
2 3 12 95
3 17 41 61 89
4 28 31 33 48 75 81 86
5 2 7 15 44 59 67 77
6 54 76 94
7 10 19
8 23 70
9 20 72
10 9 55 74 100
11 35 60 69 92
12 47 73 88 97
13 8 46
14 24 45 63
15 25 66
16 30 37 39
17 6 40 57 80
18 49 52 79
19 1 14 34 42 93
20 16 36 50 62
21 21 71 82
22 27 43
23 32 53
24 13 18 58 90 98
25 4 29 56 64 91 96 99
26 5 26
27 22 87
28 68 83
29 51 65
30 11 78 85
31 38 84
EOF