NAME : XML100_1364_01
DIMENSION : 101
NB_CLUSTERS : 28
CLUSTERING_ALG : DBSCAN
CLUSTERING_PARAMS : eps(47), minSamples(3)
CLUSTERS
1 0
2 8 20 29 46 52 70 87
3 6 12 16 36 63 83 93 94 95
4 13 17 33 37 67
5 15 65 66 74
6 26 42 43 51 69 88 89
7 23 32 38
8 24 41 50 60 100
9 22 45 57 86
10 2 3 31 64 75 99
11 30 35 92
12 34 49 81
13 39 91
14 10 58 73
15 54 98
16 5 48 71 79 82 85 90
17 1 78
18 19 25
19 7 27 96
20 28 59 61 76
21 40 53
22 47 68 72
23 9 11
24 14 44 80
25 21 77
26 18 62
27 55 84 97
28 4 56
EOF