NAME : XML100_3171_13
DIMENSION : 101
NB_CLUSTERS : 29
CLUSTERING_ALG : DBSCAN
CLUSTERING_PARAMS : eps(67), minSamples(3)
CLUSTERS
1 0
2 2 4 8 87 91
3 12 48 49 50 53 84
4 17 22 28 70 72
5 11 16 20 37 40 96
6 24 25 68 73 80 85
7 18 27 29 81 86
8 31 38 99
9 35 43 60 63
10 45 55 57 76
11 46 61 64 93 94
12 13 51 97
13 14 21 52 62 65 67
14 32 54 56
15 41 58 77 82 88 90 98
16 1 95
17 3 15 59
18 5 7
19 26 66 92
20 23 75
21 6 39
22 19 44
23 33 34
24 10 36 74 78
25 30 83
26 79 100
27 9 47
28 69 89
29 42 71
EOF