NAME : XML100_2146_08
DIMENSION : 101
NB_CLUSTERS : 30
CLUSTERING_ALG : DBSCAN
CLUSTERING_PARAMS : eps(50), minSamples(3)
CLUSTERS
1 0
2 2 7 21 24 54 94
3 8 11 26 29 72 73
4 14 20 61
5 17 39 62 82 99
6 22 34 38 56 92
7 48 66 91
8 10 35 47 57 65
9 19 46 78 89
10 64 74
11 4 85
12 5 27 45 60 70 80 88
13 3 42 58 76 97
14 30 44 90 93
15 86 96 98
16 9 23 52
17 32 67
18 50 81 95 100
19 15 77
20 1 16
21 33 49
22 13 36 37 68
23 53 83
24 12 25
25 18 31 43 75
26 59 84
27 41 55 87
28 63 71
29 28 40 51
30 6 69 79
EOF