NAME : XML100_1334_09
DIMENSION : 101
NB_CLUSTERS : 28
CLUSTERING_ALG : DBSCAN
CLUSTERING_PARAMS : eps(29), minSamples(3)
CLUSTERS
1 0
2 4 7 22 24
3 5 10 28 56 68 70 71 78 79 82 84 89 96 98
4 2 26 29 51 53 60 61 64 69 93 95
5 17 33 55
6 34 41 49 85
7 40 81
8 30 57
9 63 66 80 86 100
10 20 46 62
11 38 75
12 42 47
13 11 16 73
14 14 18 43 99
15 36 83 94
16 35 58 59
17 8 50 54 74 77
18 1 21 37
19 19 88
20 12 91
21 32 67
22 3 23 92
23 39 52 76
24 6 9 15 44 87
25 13 65
26 45 72
27 25 31 48 97
28 27 90
EOF