NAME : XML100_3135_23
DIMENSION : 101
NB_CLUSTERS : 29
CLUSTERING_ALG : DBSCAN
CLUSTERING_PARAMS : eps(51), minSamples(3)
CLUSTERS
1 0
2 12 35 52
3 15 45 79 91
4 2 21 22 42 63 86 88
5 23 27 29 40 44 72 82 83 96
6 8 9 17 36
7 43 48 85 98
8 24 50 54 62
9 7 20 64
10 67 70 75 94 97
11 14 37 61 66 73 87
12 31 81
13 18 69 84 89
14 49 56 71 74
15 65 95
16 3 28 38 47 58
17 6 19 77
18 13 25 41 53
19 55 59 99
20 51 90
21 16 93
22 30 33 80
23 4 46
24 26 39 68
25 34 57
26 32 76 100
27 5 78
28 1 11 92
29 10 60
EOF