NAME : XML100_1376_01
DIMENSION : 101
NB_CLUSTERS : 31
CLUSTERING_ALG : DBSCAN
CLUSTERING_PARAMS : eps(29), minSamples(3)
CLUSTERS
1 0
2 32 46 52
3 25 33 34 39 40 61 64 65 78 91
4 14 35 66 99
5 6 31 57 58 68
6 48 53 71
7 9 15 26 55 62 69 85
8 8 49 76
9 2 23 75 94
10 17 50 51 63
11 44 73 88
12 29 36 67
13 47 72
14 10 59 60 83
15 42 45
16 81 82
17 1 30
18 18 41 95
19 5 80
20 24 54 86
21 19 22
22 4 21 27
23 11 38 90
24 74 89 98
25 13 84
26 7 37 70 93
27 79 87
28 92 96
29 20 28
30 43 56 77 100
31 3 12 16 97
EOF