NAME : XML100_3122_25
DIMENSION : 101
NB_CLUSTERS : 32
CLUSTERING_ALG : DBSCAN
CLUSTERING_PARAMS : eps(41), minSamples(3)
CLUSTERS
1 0
2 17 55 83
3 27 31 49 75 82
4 12 42 61 65
5 7 47 51 89
6 23 40 54 57 74 85
7 25 29 30 63
8 32 44 87 93 98
9 28 41 70
10 38 73 80
11 37 43
12 1 18
13 3 6 48
14 53 81
15 15 88
16 14 21 24 50 59
17 19 79 86
18 34 66 71 95 97
19 64 72
20 56 90
21 5 11 20 22 52
22 10 100
23 16 76
24 26 99
25 9 13 33
26 58 60 62 67 68 96
27 2 4
28 69 94
29 8 35 77 78 84
30 36 91
31 46 92
32 39 45
EOF