NAME : XML100_3125_02
DIMENSION : 101
NB_CLUSTERS : 28
CLUSTERING_ALG : DBSCAN
CLUSTERING_PARAMS : eps(63), minSamples(3)
CLUSTERS
1 0
2 7 10 15 22 24 30 40 65
3 18 62 76
4 21 25 45 53 83 90 91 96
5 32 41 56 66
6 33 43 50 84
7 34 35 37 39 73
8 2 12 28 36 52
9 13 59 87 99
10 61 75 80 82 94
11 16 63 67 71
12 3 11 31 54 70 81 89 95
13 38 49
14 20 47
15 51 64 85 88
16 26 58
17 17 42
18 46 98
19 23 78 92
20 77 79
21 8 27 97
22 4 6
23 69 100
24 44 55 60 72
25 5 9 57 74
26 68 86
27 19 29 48 93
28 1 14
EOF