NAME : XML100_3173_21
DIMENSION : 101
NB_CLUSTERS : 31
CLUSTERING_ALG : DBSCAN
CLUSTERING_PARAMS : eps(38), minSamples(3)
CLUSTERS
1 0
2 17 48 52 55 56
3 25 26 67 91 94
4 38 68 74
5 34 58 71 78 89
6 15 19 65 76 79 87 90 97 98
7 14 21 72
8 50 60
9 7 41 45 84 96
10 5 63 75
11 33 49
12 13 24 61 69
13 64 80
14 16 44 57
15 2 6
16 22 43
17 8 23 77 93
18 35 53 82 85
19 29 46 47 62 92
20 1 4
21 83 100
22 27 28 99
23 37 51 81
24 9 10 31 59 70
25 11 12 54
26 32 36
27 18 73 88
28 86 95
29 3 30 39
30 40 66
31 20 42
EOF