NAME : XML100_1145_05
DIMENSION : 101
NB_CLUSTERS : 27
CLUSTERING_ALG : DBSCAN
CLUSTERING_PARAMS : eps(50), minSamples(3)
CLUSTERS
1 0
2 1 4 13 45 49 63 67 98
3 8 34 55
4 12 19 24 29 39 80 87
5 14 23 38 40 54 86 93 99
6 22 50 59 68 79
7 30 31 37 42 48 56 92
8 47 51 78 83 100
9 43 57 61 84
10 20 21 28 88
11 73 85
12 7 44
13 10 25 58 70 90
14 91 94
15 46 75
16 17 26 36
17 3 18 27
18 9 16 69 74 96
19 52 53 66 97
20 65 77
21 33 41
22 2 64
23 5 11 35 89 95
24 60 76 82
25 6 32 72
26 15 81
27 62 71
EOF