NAME : XML100_3162_11
DIMENSION : 101
NB_CLUSTERS : 37
CLUSTERING_ALG : KMeans
CLUSTERING_PARAMS : k(46)
CLUSTERS
1 0
2 40 52 93
3 49 58 83 86
4 66 74 78
5 18 33 73
6 3 51 56
7 79 100
8 57 91
9 19 20 64
10 13 15
11 38 60 68
12 24 54 65 85 88
13 25 76
14 34 41
15 69 97 99
16 29 30 46
17 7 50
18 8 61 82
19 42 43
20 44 53 94
21 1 17 62
22 22 31
23 2 12 36 80
24 10 45
25 27 55 59
26 6 48 67
27 23 75 98
28 11 47
29 5 39
30 9 28 89 90
31 81 92
32 70 84
33 32 37 63
34 21 95
35 26 96
36 16 35 87
37 4 14 71 72 77
EOF