NAME : XML100_1176_13
DIMENSION : 101
NB_CLUSTERS : 28
CLUSTERING_ALG : DBSCAN
CLUSTERING_PARAMS : eps(62), minSamples(3)
CLUSTERS
1 0
2 1 12 17 57 63 68 77
3 16 25 35 71
4 18 36 81 97
5 19 23 48 76 84 87 95
6 28 32 44
7 5 8 45 47 89 99
8 53 56 62 100
9 3 9 29 34 54 69 80 85 86
10 4 59 75
11 30 40
12 27 51 55 74
13 42 64 94
14 11 66 70
15 79 98
16 20 33 50 67
17 31 61
18 43 46 78 88
19 14 52 90
20 6 15 37 38 82
21 2 22 24
22 39 83
23 41 60 93 96
24 26 72 73
25 21 58 65
26 10 91
27 7 92
28 13 49
EOF