NAME : XML100_3141_12
DIMENSION : 101
NB_CLUSTERS : 28
CLUSTERING_ALG : DBSCAN
CLUSTERING_PARAMS : eps(56), minSamples(3)
CLUSTERS
1 0
2 3 14 38 43 47 65 91
3 6 13 100
4 8 18 21 24 66
5 16 90 99
6 17 48 50 51 85
7 29 42 49 59
8 26 30 34 46 78
9 40 53 58 62
10 33 45 63 67 76 77 81 82 98
11 23 32 70 71 84 92 93
12 25 28 35 36 39 61 74 96
13 7 87
14 11 60
15 2 44 52
16 72 94
17 4 68
18 15 31
19 55 83
20 1 10 27 41 75 97
21 12 69
22 5 95
23 64 79
24 20 80 86
25 57 73
26 22 37 56
27 54 88 89
28 9 19
EOF