NAME : XML100_1172_23
DIMENSION : 101
NB_CLUSTERS : 33
CLUSTERING_ALG : DBSCAN
CLUSTERING_PARAMS : eps(18), minSamples(3)
CLUSTERS
1 0
2 2 10 18 20 89 93
3 32 54 62 79 84
4 21 37 92
5 33 81
6 40 46 64 72
7 74 85 86
8 9 28
9 4 19 41 76 83 95
10 24 100
11 1 25 61
12 26 30 38 39
13 48 90
14 45 55 68
15 27 36 52 99
16 13 14 75 97
17 35 57 88
18 31 49 60 73 78
19 17 69
20 7 47 66
21 5 70 82
22 23 87 98
23 42 51
24 34 96
25 29 67
26 22 58
27 15 50 77
28 8 80 94
29 53 56
30 59 65 71 91
31 3 43 63
32 6 11 16
33 12 44
EOF