NAME : XML100_3155_11
DIMENSION : 101
NB_CLUSTERS : 31
CLUSTERING_ALG : DBSCAN
CLUSTERING_PARAMS : eps(43), minSamples(3)
CLUSTERS
1 0
2 12 19 26 27 42 64 69
3 20 34 80 92
4 23 47 63 86
5 17 30 33 98
6 10 54 55
7 3 35 38 40 43 57 59 60 68 94
8 13 16 29 78
9 45 58
10 24 93
11 22 28 37 73 82
12 5 21 44
13 51 71
14 15 49 70 77
15 72 83 99
16 4 8 65 97
17 32 53 81 96
18 9 62 74
19 14 18
20 41 52 75 84 85
21 2 56
22 50 87
23 11 31 36 61 76
24 7 79
25 1 25
26 39 88
27 48 91
28 6 46
29 95 100
30 66 67
31 89 90
EOF