NAME : XML100_2173_14
DIMENSION : 101
NB_CLUSTERS : 31
CLUSTERING_ALG : DBSCAN
CLUSTERING_PARAMS : eps(71), minSamples(3)
CLUSTERS
1 0
2 1 3 54 81 90
3 7 9 34
4 10 13 43 47
5 18 23 69 85
6 19 39 50 56 65 76 82
7 22 46 58 59 64 71 95
8 25 49 57 72 80
9 12 20 27 73 97
10 17 29 38
11 32 37 100
12 36 74 98
13 28 52 86 87 88
14 45 84 89
15 8 24 42 78 92 94
16 15 67
17 21 60 99
18 5 53
19 14 48
20 55 63
21 11 16 75 79
22 44 93
23 26 35
24 61 83
25 33 40
26 6 96
27 30 51
28 4 70
29 66 68
30 2 31 77 91
31 41 62
EOF