NAME : XML100_2151_22
DIMENSION : 101
NB_CLUSTERS : 31
CLUSTERING_ALG : DBSCAN
CLUSTERING_PARAMS : eps(45), minSamples(3)
CLUSTERS
1 0
2 3 18 23 60 70
3 5 21 29 35 39 55 71
4 42 43 67
5 27 40 56 74 98
6 32 83 100
7 4 14 61 79 90 93
8 17 24 87
9 33 99
10 15 80
11 1 22 47 48 62 64 85
12 89 96
13 9 45
14 10 57 69
15 11 73
16 6 12 49
17 46 50 72 78
18 7 19 31 51 54
19 16 30 94
20 28 77 84 92
21 52 66
22 20 95
23 44 65 82 88
24 26 37 97
25 13 25 58
26 34 63
27 38 41 59
28 36 68 75
29 2 76 81
30 8 86
31 53 91
EOF