NAME : XML100_1175_07
DIMENSION : 101
NB_CLUSTERS : 27
CLUSTERING_ALG : DBSCAN
CLUSTERING_PARAMS : eps(41), minSamples(3)
CLUSTERS
1 0
2 2 13 27 49 73 87
3 8 14 15 44 46 47 83 85 100
4 19 22 59 89 93 95
5 9 21 61 62
6 25 30 52 60 72 84
7 34 37 58 81
8 40 51 53 56 78
9 20 32 38 66 68 99
10 23 69 74 80
11 31 57
12 5 17 65 75 82 86 96
13 35 42 71
14 6 12 67
15 1 11 24 36
16 7 48 54 63
17 45 77 94
18 39 50 76
19 3 16 90 97
20 33 91
21 18 92
22 10 43 88
23 4 28
24 26 98
25 64 70
26 29 55
27 41 79
EOF