NAME : XML100_3176_25
DIMENSION : 101
NB_CLUSTERS : 34
CLUSTERING_ALG : KMeans
CLUSTERING_PARAMS : k(39)
CLUSTERS
1 0
2 8 59
3 60 74 80 86
4 19 49 57 83
5 9 85 91
6 35 55 77
7 27 36 84
8 18 75 94
9 6 10 50 76 93
10 46 81 82 90
11 5 22 34 39 79 88
12 51 64
13 58 69 89 99
14 62 95 97
15 23 31 38
16 56 72
17 24 45 96
18 11 21 30 37 43
19 16 73
20 3 44
21 32 68
22 12 13 87 98
23 7 92
24 14 17 54 63 100
25 33 53 67
26 1 41 66
27 2 29
28 28 40 47
29 25 42 78
30 4 26
31 61 70
32 20 71
33 15 52
34 48 65
EOF