NAME : XML100_1353_22
DIMENSION : 101
NB_CLUSTERS : 32
CLUSTERING_ALG : DBSCAN
CLUSTERING_PARAMS : eps(33), minSamples(3)
CLUSTERS
1 0
2 5 34 53 70
3 31 32 63 88
4 54 55 87 93
5 16 64 75 78
6 37 45 48 76 77 90
7 14 43 65
8 8 47 91
9 1 12 80 86
10 39 50 58 84
11 23 27
12 44 73
13 36 85 99
14 20 66 82 92 96
15 17 35 52
16 22 68
17 7 28 69 97
18 9 60 100
19 11 33 40
20 29 49 59 71
21 13 25 95
22 3 24 98
23 6 19 72
24 15 62 79 83 94
25 30 56
26 4 42
27 18 21 26
28 67 74
29 10 41 51
30 57 81
31 38 89
32 2 46 61
EOF