NAME : XML100_3145_16
DIMENSION : 101
NB_CLUSTERS : 29
CLUSTERING_ALG : DBSCAN
CLUSTERING_PARAMS : eps(53), minSamples(3)
CLUSTERS
1 0
2 7 20 49 91
3 12 14 30 54 55 59 97
4 23 41 53 94
5 5 24 45
6 9 22 57 63 72 86 87 98
7 29 35 51 70 75 92
8 37 82 96
9 42 81
10 19 100
11 36 50 83
12 1 56 66
13 6 67 89
14 10 34 43
15 25 31 32 52
16 65 95
17 74 77 79 88
18 18 73
19 8 11 44
20 2 21 71 93
21 40 64 80
22 4 16 17
23 13 28 58 61 76 78
24 15 48 68
25 26 33 39 60 85 90
26 46 47
27 3 38 84
28 69 99
29 27 62
EOF