NAME : XML100_2175_02
DIMENSION : 101
NB_CLUSTERS : 31
CLUSTERING_ALG : DBSCAN
CLUSTERING_PARAMS : eps(31), minSamples(3)
CLUSTERS
1 0
2 4 5 19 80 81
3 21 22 26 27 77 78 79 86
4 2 55
5 3 33 40 62
6 34 42 88
7 7 28 84 99
8 18 30 39 67 98
9 11 37 57
10 36 52
11 32 85
12 64 68 69
13 46 73 87
14 20 51 96
15 10 14 17 54
16 44 48 63 72 97
17 25 38 58
18 35 49 61
19 12 41 94
20 8 23 53 59 71 89
21 47 75
22 6 13 24 29 45 65 76
23 66 83 91
24 92 93 100
25 43 95
26 1 70
27 31 74
28 16 82
29 9 60
30 15 56
31 50 90
EOF