NAME : XML100_3153_10
DIMENSION : 101
NB_CLUSTERS : 30
CLUSTERING_ALG : DBSCAN
CLUSTERING_PARAMS : eps(71), minSamples(3)
CLUSTERS
1 0
2 1 8 14 18 32 41 49 60
3 3 6 24 74 81
4 7 12 44 51 78 86
5 11 29 77
6 15 25 90 95 99
7 17 73 79 88
8 9 21 35 36 43 92 94
9 30 52 63 67
10 28 33 37 91
11 55 64 76
12 59 61 75 82
13 34 47 71 72 83 85
14 13 96
15 16 19 39
16 2 50 68
17 26 48
18 62 100
19 46 69
20 20 97
21 27 58 65 80
22 70 93
23 31 54
24 5 10
25 23 42
26 40 53
27 38 56 57 66
28 4 45
29 84 89 98
30 22 87
EOF