NAME : XML100_3126_18
DIMENSION : 101
NB_CLUSTERS : 29
CLUSTERING_ALG : DBSCAN
CLUSTERING_PARAMS : eps(49), minSamples(3)
CLUSTERS
1 0
2 10 11 25 33 93
3 13 15 24 26 29 30 47 62 98
4 23 36 79
5 12 27 53 71 89
6 32 39 83
7 4 50 66 80
8 69 77 78
9 5 31 35 46 76 86 90 94
10 8 43 61 72
11 60 91
12 17 21 64 65 87 96
13 3 9 34 92
14 56 63 88
15 1 7
16 54 75
17 37 84 99
18 49 74
19 2 19 40 67
20 44 45 48 51
21 16 52 68
22 42 57 81 95
23 14 38 100
24 20 22 70
25 41 58
26 28 82
27 18 59 73
28 6 85
29 55 97
EOF