NAME : XML100_1174_02
DIMENSION : 101
NB_CLUSTERS : 28
CLUSTERING_ALG : DBSCAN
CLUSTERING_PARAMS : eps(58), minSamples(3)
CLUSTERS
1 0
2 3 8 30 77 86 97
3 9 33 59 67 76 92 95 100
4 10 71 93 98
5 14 19 36 46 49 83 91
6 1 17 26 29 90
7 32 35 53 84 89
8 25 38 63 85 87 99
9 23 40 45 47 54 78 81
10 16 61
11 65 73
12 13 56 72 75 96
13 6 42 58
14 31 52
15 37 66
16 11 50
17 7 24 39
18 20 70
19 2 48 74 79 80
20 4 34 62 64
21 18 51
22 28 94
23 27 44 55
24 12 21 57
25 22 43
26 15 68 82
27 5 69
28 41 60 88
EOF