NAME : XML100_3126_21
DIMENSION : 101
NB_CLUSTERS : 31
CLUSTERING_ALG : DBSCAN
CLUSTERING_PARAMS : eps(58), minSamples(3)
CLUSTERS
1 0
2 1 36 83 96
3 6 23 24 39 62 70 90
4 7 59 81 94 98
5 16 27 33 44 68
6 21 25 50 56 91
7 26 28 34 49 66
8 38 48 80
9 40 45 85 99
10 41 73 88 95
11 3 64 71 76 77 78
12 10 18 29 61 63 84
13 8 82
14 32 92
15 57 58
16 2 22
17 17 67
18 31 46 47 54
19 4 14 86
20 35 60 93
21 69 75
22 53 55
23 37 74
24 30 42 100
25 11 89
26 5 9
27 15 19 87
28 12 97
29 13 43 52
30 65 72
31 20 51 79
EOF