NAME : XML100_3136_02
DIMENSION : 101
NB_CLUSTERS : 30
CLUSTERING_ALG : DBSCAN
CLUSTERING_PARAMS : eps(40), minSamples(3)
CLUSTERS
1 0
2 8 16 41 53 91 98
3 18 22 23 30 36 56 67 86 89 97
4 29 32 49
5 31 46 68 87
6 45 73 88
7 10 13 28 90 96
8 37 48 85
9 65 79
10 1 77
11 59 93
12 62 72 78
13 5 21 55
14 7 11 33
15 4 84
16 25 43 92
17 14 61 69 100
18 39 58 81
19 60 63 76 99
20 50 66 75
21 35 51
22 6 24
23 19 44 52 71
24 12 15 38 74
25 9 27 57 64 80
26 47 94
27 17 20 26 42
28 34 82
29 2 3 83 95
30 40 54 70
EOF