NAME : XML100_2165_09
DIMENSION : 101
NB_CLUSTERS : 28
CLUSTERING_ALG : DBSCAN
CLUSTERING_PARAMS : eps(50), minSamples(3)
CLUSTERS
1 0
2 5 17 24 53 59 78 86
3 2 7 44 88 91 100
4 9 31 64 76
5 20 22 23 26
6 14 40 41 56 97
7 1 52 63 75 87 90 93
8 28 58 61 79 98
9 65 67 83
10 4 11 33 34 38 51 72 81 99
11 47 60 69 70
12 57 68
13 8 39
14 42 77 96
15 48 55
16 16 21 25 95
17 10 94
18 12 15
19 18 54 85
20 30 32 66 71
21 13 43
22 19 50 62
23 29 74 82
24 80 92
25 6 27 46
26 37 45 89
27 36 49 73
28 3 35 84
EOF