NAME : XML100_3173_05
DIMENSION : 101
NB_CLUSTERS : 28
CLUSTERING_ALG : DBSCAN
CLUSTERING_PARAMS : eps(60), minSamples(3)
CLUSTERS
1 0
2 1 32 56 65 77 87 95
3 2 38 98
4 5 19 34 42 99
5 7 30 46 52 85
6 13 14 25 68 74 75 90 96
7 16 22 79 80
8 29 33 40 60 63
9 24 36 51 82 93 97
10 41 50 78 83
11 3 12 31 44 62
12 58 59 76 94
13 39 53 61 91
14 67 69 89
15 11 35 37 43 49 70 86
16 71 73
17 26 55 64
18 27 54 66
19 15 72 88
20 8 48
21 28 45
22 20 81 92
23 17 84
24 6 10
25 18 100
26 4 57
27 9 21
28 23 47
EOF