NAME : XML100_3235_11
DIMENSION : 101
NB_CLUSTERS : 33
CLUSTERING_ALG : DBSCAN
CLUSTERING_PARAMS : eps(13), minSamples(3)
CLUSTERS
1 0
2 1 32 64 74 79 87 89
3 4 10 13 17 22 26 42
4 16 29 33
5 31 46 50
6 3 39 57 62 71 83 94
7 27 65 73
8 60 88
9 56 81
10 34 38
11 66 75 95
12 63 72 77 97
13 9 37 85
14 5 68 69 70 84
15 55 59
16 44 61
17 53 54
18 82 98
19 24 25 36
20 2 47 52 67
21 6 90
22 15 41 78
23 14 40 91
24 12 35 45
25 58 100
26 19 20 49
27 48 99
28 8 21
29 92 96
30 51 76
31 23 30 80 93
32 7 28
33 11 18 43 86
EOF