NAME : XML100_3116_11
DIMENSION : 101
NB_CLUSTERS : 28
CLUSTERING_ALG : DBSCAN
CLUSTERING_PARAMS : eps(65), minSamples(3)
CLUSTERS
1 0
2 5 53 63 73 83
3 6 27 31 33 41 60
4 8 21 23 39 49 57 93
5 9 13 61 85 91 94
6 10 42 72 84
7 3 19 30
8 32 55 74 82
9 15 45 56 68 71 77
10 36 46 62 69 78
11 7 37 51 92
12 35 40 54 87
13 14 58 64 66 81 100
14 17 24
15 2 18 65
16 50 52
17 4 12
18 11 59 67 70 95 99
19 29 98
20 47 76 86
21 16 44 96
22 26 34
23 22 75 97
24 43 79
25 1 90
26 20 48
27 38 80 89
28 25 28 88
EOF