NAME : XML100_1145_20
DIMENSION : 101
NB_CLUSTERS : 39
CLUSTERING_ALG : KMeans
CLUSTERING_PARAMS : k(43)
CLUSTERS
1 0
2 51 70
3 2 23 42
4 1 72
5 13 43 78 79
6 27 69 83
7 3 4 36
8 17 60 71
9 44 58 89
10 24 61 93 96
11 49 85 92 94 98
12 46 100
13 31 34 63
14 68 99
15 45 74
16 6 19
17 39 80 95
18 37 52
19 26 38 54 90
20 8 47 64
21 40 86
22 48 75 88
23 28 53 76
24 21 77
25 18 87
26 20 55 65
27 33 50
28 10 35 82
29 12 84
30 15 22 81
31 41 56
32 14 29
33 9 57
34 7 62
35 16 67
36 25 73
37 32 66
38 11 59 91 97
39 5 30
EOF