NAME : XML100_3361_26
DIMENSION : 101
NB_CLUSTERS : 27
CLUSTERING_ALG : DBSCAN
CLUSTERING_PARAMS : eps(26), minSamples(3)
CLUSTERS
1 0
2 5 45 63 65 97
3 13 18 19 25 48 60 96
4 6 10 14 22 46 49 51 77 83 85 90
5 16 56 68
6 24 28 64 94
7 1 4 34 36 66 73 74 80 84 86 89 100
8 32 95
9 9 82
10 11 15 99
11 7 17 30 50
12 21 31 55 72 88
13 37 70
14 12 23 38 78 81
15 62 71
16 35 39 40
17 33 52 79 92 98
18 44 53
19 41 75 91
20 8 29 57
21 42 76 87 93
22 2 67
23 26 27
24 54 59
25 3 47 69
26 43 58
27 20 61
EOF