NAME : XML100_2136_16
DIMENSION : 101
NB_CLUSTERS : 31
CLUSTERING_ALG : DBSCAN
CLUSTERING_PARAMS : eps(51), minSamples(3)
CLUSTERS
1 0
2 1 2 12 13 26
3 3 16 97
4 7 23 28 53 61 65 66 80 94
5 20 29 39 42 74 81 92
6 19 21 38 57 70 84 87
7 50 51 62 64
8 40 79 83 85 88 91
9 4 17 46
10 56 73
11 10 35
12 11 99
13 27 71 78 96
14 5 14
15 24 95
16 8 75
17 6 15
18 22 93
19 43 86 100
20 30 47
21 48 63
22 34 45 59
23 77 90
24 9 31 60 67 76 82
25 18 44 49 98
26 32 58
27 36 72
28 41 89
29 33 37 52 54
30 68 69
31 25 55
EOF