NAME : XML100_1155_26
DIMENSION : 101
NB_CLUSTERS : 36
CLUSTERING_ALG : DBSCAN
CLUSTERING_PARAMS : eps(40), minSamples(3)
CLUSTERS
1 0
2 14 17 56 71 76
3 44 72 93
4 48 53 66 100
5 10 64 69
6 9 25 58 62 94 96
7 27 87
8 4 70 81
9 6 33
10 1 89
11 36 37 40 51 57
12 43 59
13 11 86 99
14 83 91
15 7 30
16 22 29 55
17 3 21 65 68
18 85 88
19 24 79 97
20 35 42 46
21 78 80 92
22 2 67
23 52 61 82
24 12 28 63 98
25 20 31 84
26 18 32
27 16 26 34
28 13 41 49
29 23 90
30 8 19
31 45 50
32 60 77
33 38 75
34 15 47 73 95
35 54 74
36 5 39
EOF