NAME : XML100_3143_20
DIMENSION : 101
NB_CLUSTERS : 28
CLUSTERING_ALG : DBSCAN
CLUSTERING_PARAMS : eps(51), minSamples(3)
CLUSTERS
1 0
2 1 14 95
3 8 25 47 70
4 17 24 30 32 56 81
5 11 37 42 44
6 41 45 55 82 98
7 3 20 34 60 67 73
8 51 66 69 79 94
9 6 26 31 49 54 57 86
10 35 76
11 4 12 18 23 40
12 71 72
13 21 29 77 93
14 7 9 19
15 16 99
16 48 63 64
17 27 39 61 74
18 2 10 13 91
19 58 96
20 62 84 87 89 90
21 43 88 100
22 28 53 65 92
23 15 50
24 5 46 59 97
25 52 75 80 85
26 36 68
27 33 38 83
28 22 78
EOF