NAME : XML100_1146_16
DIMENSION : 101
NB_CLUSTERS : 31
CLUSTERING_ALG : DBSCAN
CLUSTERING_PARAMS : eps(20), minSamples(3)
CLUSTERS
1 0
2 9 16 17 67
3 15 18 71 78 81
4 70 83
5 6 14 43 57 61 86
6 25 28 35 53 64 96
7 36 100
8 47 58
9 21 94 97 98
10 4 45 82 91 99
11 49 60 63 93
12 24 48
13 30 69 89
14 12 19 20 37 59
15 22 42
16 44 50 55 72 75
17 27 46 65
18 26 54 62 90
19 3 5 41 88
20 13 79
21 11 66 73
22 1 39 40 74 80
23 2 29 31
24 7 68
25 10 52 77
26 34 56 87
27 32 76 92
28 33 95
29 51 84
30 38 85
31 8 23
EOF