NAME : XML100_3152_22
DIMENSION : 101
NB_CLUSTERS : 35
CLUSTERING_ALG : DBSCAN
CLUSTERING_PARAMS : eps(31), minSamples(3)
CLUSTERS
1 0
2 11 35 38 75
3 16 41 46 64 65
4 8 22 25 26 82
5 33 50 88
6 2 29 31 69 80 91 94
7 55 61 67
8 40 58
9 24 79
10 4 47 49 56 76 78
11 7 85 100
12 54 62
13 6 32
14 98 99
15 3 5 37
16 15 36 53 70
17 19 23 90
18 1 9
19 42 63 81
20 39 59
21 51 93
22 12 45
23 30 68 86 97
24 14 21 34
25 17 48 96
26 60 66 95
27 20 43
28 28 87
29 52 71
30 13 57
31 10 27
32 44 84
33 18 83 92
34 72 73
35 74 77 89
EOF