NAME : XML100_3171_15
DIMENSION : 101
NB_CLUSTERS : 38
CLUSTERING_ALG : KMeans
CLUSTERING_PARAMS : k(45)
CLUSTERS
1 0
2 18 41 91
3 16 75
4 25 44 60 71
5 52 77 99
6 9 14
7 40 45
8 15 35 74
9 17 88
10 19 39 48
11 50 96
12 28 54
13 4 86 100
14 38 63 72
15 6 58 65
16 2 73 95
17 67 76
18 43 47
19 22 27 69 85
20 3 13 97
21 5 37 92
22 53 55 64 93
23 29 56 82
24 1 68
25 12 61
26 33 84 89
27 20 83
28 30 42 59
29 11 78 79
30 21 34 46 98
31 80 90
32 57 87
33 8 49
34 31 51 81
35 10 23 24 26
36 32 66
37 36 70 94
38 7 62
EOF