NAME : XML100_2274_22
DIMENSION : 101
NB_CLUSTERS : 31
CLUSTERING_ALG : DBSCAN
CLUSTERING_PARAMS : eps(11), minSamples(3)
CLUSTERS
1 0
2 50 58 60 64
3 31 49 75 88 100
4 34 37 42
5 56 85
6 73 92
7 2 30 36 65 95
8 13 14 20 35 38 47 55 82
9 4 8 43 66 98
10 16 22 79 80
11 5 41
12 39 77 84
13 26 44 91
14 25 71
15 52 69
16 7 23 40
17 48 68 86
18 11 59 78
19 24 53 67
20 33 94
21 3 12 76
22 29 51 54 70 72 93 97
23 32 74
24 1 6 28
25 9 27 46 62
26 21 99
27 17 19 57 81
28 45 61 89 96
29 15 90
30 63 87
31 10 18 83
EOF