NAME : XML100_1116_12
DIMENSION : 101
NB_CLUSTERS : 37
CLUSTERING_ALG : KMeans
CLUSTERING_PARAMS : k(43)
CLUSTERS
1 0
2 22 36 40 75 98
3 15 49 77
4 51 81
5 28 84
6 3 12 41
7 35 79 86
8 69 74
9 16 94
10 10 24 68
11 6 32 88 95
12 17 37
13 9 52
14 18 43 66 78
15 5 23 34 63
16 31 72 93
17 11 47 53
18 42 92
19 50 76 87 97
20 7 39
21 33 62
22 55 67
23 44 90
24 8 29 59 71
25 19 46 57
26 13 80 91
27 48 100
28 4 61 83
29 14 58
30 20 30 54
31 1 21 26 56
32 45 82
33 60 96 99
34 73 89
35 25 27 38
36 64 65 70
37 2 85
EOF