NAME : XML100_1145_19
DIMENSION : 101
NB_CLUSTERS : 34
CLUSTERING_ALG : KMeans
CLUSTERING_PARAMS : k(39)
CLUSTERS
1 0
2 89 92
3 41 84 87
4 20 52 75
5 26 44 98
6 3 67
7 19 24 28 40
8 1 16 80
9 11 66
10 49 53
11 38 70
12 29 46
13 15 17 73 88
14 32 62
15 51 55 74
16 5 8 22 31
17 47 60 82
18 7 54 99
19 6 56 72
20 2 21 23
21 36 39 42 59 91
22 13 85 97
23 18 43 61
24 76 78 86
25 25 34 68 100
26 27 57
27 35 65 95
28 4 12 69 71
29 64 77 81 94
30 9 10 33 50
31 14 37 79 90
32 58 63
33 30 45 83
34 48 93 96
EOF