NAME : XML100_3163_15
DIMENSION : 101
NB_CLUSTERS : 28
CLUSTERING_ALG : DBSCAN
CLUSTERING_PARAMS : eps(63), minSamples(3)
CLUSTERS
1 0
2 1 29 53 96
3 2 11 18 22 80 83
4 14 17 19 47 65
5 3 20 37 48 55 60
6 23 36 76 79 85 97
7 16 24 64 93
8 8 35 58 69 72 75 84 90
9 39 43 45 66
10 5 13 67 89
11 31 70 77 88 99
12 30 41 86
13 10 44 52 63
14 7 62 98
15 9 38
16 4 33 42 59
17 34 91 100
18 25 50 82
19 28 68 92 95
20 21 74
21 12 61
22 27 73
23 26 49
24 51 78
25 32 46 54 71 94
26 15 57 81
27 6 40
28 56 87
EOF