NAME : XML100_3163_21
DIMENSION : 101
NB_CLUSTERS : 29
CLUSTERING_ALG : DBSCAN
CLUSTERING_PARAMS : eps(63), minSamples(3)
CLUSTERS
1 0
2 6 53 79 88
3 9 14 32 37
4 13 60 61 80
5 16 20 55 74 75
6 19 23 72
7 21 56 63 64 90
8 10 26 59
9 30 34 39 70
10 11 18 36 48 84
11 3 7 46 69 91
12 58 81 83 86
13 35 65 67 85 92 97 99
14 17 38 50 95
15 2 41 44
16 24 43 49
17 25 57 68 87
18 54 93
19 47 51 89 96
20 1 94
21 15 52 77 82 100
22 8 71
23 42 73
24 22 76
25 33 66
26 5 28 45 78
27 12 40 98
28 27 62
29 4 29 31
EOF