NAME : XML100_1173_13
DIMENSION : 101
NB_CLUSTERS : 28
CLUSTERING_ALG : DBSCAN
CLUSTERING_PARAMS : eps(73), minSamples(3)
CLUSTERS
1 0
2 1 5 22
3 2 9 58 100
4 4 13 97
5 7 17 20 48 49
6 10 52 60
7 6 16 47 62 92 94 99
8 3 18 24 41
9 15 21 30 31 68 82 83 91
10 25 27 45 74
11 28 42 93
12 32 53 79
13 35 85 86
14 43 57 70 89
15 26 33 55 56 71
16 40 66 78
17 19 67 84 90
18 34 38 46 65 73 77 95
19 29 88 96
20 12 54
21 80 81
22 50 51 61 87
23 11 59
24 8 36 44 63
25 64 98
26 39 69 76
27 72 75
28 14 23 37
EOF