NAME : XML100_3165_26
DIMENSION : 101
NB_CLUSTERS : 28
CLUSTERING_ALG : DBSCAN
CLUSTERING_PARAMS : eps(55), minSamples(3)
CLUSTERS
1 0
2 1 20 92
3 4 51 59 65 90 97
4 7 12 14 22 23 37 39 74 78 91
5 15 46 68
6 19 33 34 56
7 30 48 82
8 32 60 76
9 36 61 80 83 85 93
10 16 21 50 54 66
11 13 18 57 63 64 75 84
12 31 38 44 62 69 72 89
13 5 25 55
14 49 98
15 17 87
16 8 11 26
17 58 79 95 99
18 10 24
19 43 94
20 6 52 67
21 29 47 53 77
22 40 96
23 9 100
24 2 70 81
25 27 28 45 86
26 42 88
27 3 35 71
28 41 73
EOF