NAME : XML100_3153_22
DIMENSION : 101
NB_CLUSTERS : 35
CLUSTERING_ALG : KMeans
CLUSTERING_PARAMS : k(37)
CLUSTERS
1 0
2 2 14 33 45
3 35 61 89
4 48 56
5 17 53 86 95
6 40 46 92
7 51 63
8 39 75 77
9 76 78 84 88
10 32 74 91
11 87 99
12 26 64
13 1 4 30 43 82
14 27 37
15 62 80 96
16 47 94
17 10 16 58 93
18 8 54
19 21 22 100
20 12 57 68
21 23 59
22 11 38 49
23 15 81 98
24 6 65 67 73
25 19 34 52
26 5 20 50
27 9 28 70 72
28 3 7 97
29 13 31 83
30 18 44 60
31 29 85
32 24 25 36 41 42
33 69 79
34 55 71
35 66 90
EOF