NAME : XML100_3141_12
DIMENSION : 101
NB_CLUSTERS : 36
CLUSTERING_ALG : KMeans
CLUSTERING_PARAMS : k(41)
CLUSTERS
1 0
2 45 77 81 82
3 4 68
4 40 53 58 62
5 57 73
6 26 78
7 1 27 75 97
8 55 83
9 14 47
10 25 28 36 39
11 8 18 21 24 66
12 5 95
13 2 44 52
14 17 51 85
15 11 60
16 6 13 100
17 70 71 84 93
18 72 94
19 20 80 86
20 29 42 49 59
21 22 37 56
22 54 88 89
23 23 32 92
24 15 31
25 7 87
26 16 90 99
27 35 61 74 96
28 10 41
29 3 38 43 65 91
30 12 69
31 48 50
32 30 34 46
33 9 19
34 33 76 98
35 64 79
36 63 67
EOF