NAME : XML100_3341_13
DIMENSION : 101
NB_CLUSTERS : 28
CLUSTERING_ALG : DBSCAN
CLUSTERING_PARAMS : eps(35), minSamples(3)
CLUSTERS
1 0
2 3 22 43 48 66 68 78 87 97
3 6 17 38 50 74 89 93
4 10 20 40 53 59 65 94
5 30 35 37
6 46 62 76 79 84
7 4 5 25 99 100
8 16 47 51 52 64 69 77 85
9 24 54
10 57 95
11 8 14
12 26 33 49 58 80 82 88 96
13 67 91 98
14 27 63
15 29 75
16 28 55 61 73
17 1 19 42 60
18 7 18 23 56
19 39 92
20 21 34 71
21 86 90
22 2 12
23 31 72
24 13 70
25 15 83
26 36 41 44
27 45 81
28 9 11 32
EOF