NAME : XML100_1135_01
DIMENSION : 101
NB_CLUSTERS : 28
CLUSTERING_ALG : DBSCAN
CLUSTERING_PARAMS : eps(61), minSamples(3)
CLUSTERS
1 0
2 2 36 87 93
3 4 54 88
4 6 8 20 37 56 78 90
5 7 43 68
6 10 12 27 44 71 75 79 98
7 14 15 30
8 16 19 40 49 85
9 21 22 24 72
10 31 66 96
11 32 48 92
12 26 53 57 61 73 91 99
13 11 60 80
14 59 67
15 18 25 69 97
16 5 46
17 9 58 83 86
18 34 47 63
19 3 29 55 76
20 1 28 65 89
21 50 95
22 35 52 81
23 45 64 100
24 33 70 94
25 42 51
26 17 23 82
27 13 38 39 41
28 62 74 77 84
EOF