NAME : XML100_3155_17
DIMENSION : 101
NB_CLUSTERS : 28
CLUSTERING_ALG : DBSCAN
CLUSTERING_PARAMS : eps(51), minSamples(3)
CLUSTERS
1 0
2 5 18 25 35 36 41 81
3 8 10 14 38 57 78 86
4 1 15 22 29 32 33 47 96
5 9 34 43 49 61
6 13 39 44 58
7 16 69 75 87 92
8 4 17 52 62 77 83
9 24 28 80 90
10 40 50 85
11 6 64 71
12 21 93
13 66 74 84 88
14 42 46 73
15 19 56 70 89
16 12 48
17 7 11
18 37 55
19 2 54 76 100
20 45 60 95 99
21 68 82
22 20 30 72
23 23 59 79
24 27 31 94
25 26 51 91
26 63 65
27 67 98
28 3 53 97
EOF