NAME : XML100_3133_25
DIMENSION : 101
NB_CLUSTERS : 30
CLUSTERING_ALG : DBSCAN
CLUSTERING_PARAMS : eps(65), minSamples(3)
CLUSTERS
1 0
2 11 13 26 35 67
3 12 36 37 52 68 92
4 21 45 58 61 66 69 80 91
5 5 20 24 55
6 1 43 70 72 90
7 14 22 27 34 44 53
8 73 79
9 4 50
10 2 7 48 86 99
11 39 51 65 78
12 29 57
13 74 93
14 30 38 59
15 3 95
16 18 25 40
17 33 62
18 9 23 46
19 10 64 98
20 56 88 100
21 6 17 41 49 71
22 47 63 96
23 16 87
24 75 77
25 15 31 60
26 8 32 76
27 54 81 89
28 19 42 84 85
29 83 94
30 28 82 97
EOF