NAME : XML100_1164_11
DIMENSION : 101
NB_CLUSTERS : 31
CLUSTERING_ALG : DBSCAN
CLUSTERING_PARAMS : eps(41), minSamples(3)
CLUSTERS
1 0
2 2 6 12 19 67
3 3 5 29 40 89 94
4 9 16 25 26 44 52 72
5 13 33 36 68
6 42 73 98
7 1 20 28 35 46 53 61 95 100
8 22 55
9 17 41 49
10 69 82
11 39 54 57 75 76
12 47 60 85
13 56 71 81
14 7 30 65 88
15 11 43
16 15 87 93
17 10 32
18 80 90 97
19 79 83 84
20 62 64 66
21 4 18 21 50 58
22 38 70
23 23 34 51
24 8 59
25 27 99
26 31 74 77
27 48 86
28 37 63
29 45 91
30 14 24
31 78 92 96
EOF