NAME : XML100_2136_21
DIMENSION : 101
NB_CLUSTERS : 28
CLUSTERING_ALG : DBSCAN
CLUSTERING_PARAMS : eps(33), minSamples(3)
CLUSTERS
1 0
2 4 8 16 69 88
3 1 12 21 34 42 49 56 70 84
4 43 60 93
5 2 17 45 51 59 64 97
6 28 32 54
7 14 19 63
8 37 53 75 95
9 71 90
10 6 46 72 94
11 10 29 79 91
12 26 27
13 5 48 92
14 36 41 68 82
15 30 55 83 87 99
16 9 33 77 81
17 40 78
18 57 73 100
19 11 25 44 47 76 85
20 7 50
21 13 58 66 80 86
22 38 52
23 23 35
24 15 31 67
25 22 61
26 20 24 39 65 98
27 18 74 89 96
28 3 62
EOF