NAME : XML100_1136_24
DIMENSION : 101
NB_CLUSTERS : 30
CLUSTERING_ALG : DBSCAN
CLUSTERING_PARAMS : eps(62), minSamples(3)
CLUSTERS
1 0
2 2 14 49 84
3 9 12 32 75 82
4 15 22 81 99
5 21 73 76 86 96
6 29 35 88 95
7 30 68 90
8 46 65 94
9 5 11 50 53 61 79 98 100
10 16 23 56 66 67
11 26 58 63 70
12 20 57 71
13 6 24 41 43 74 80 83
14 28 37 69
15 48 52 89
16 7 17 18 97
17 45 47
18 51 92
19 1 25 34
20 55 93
21 13 40 44
22 4 10
23 36 77
24 3 33 60 85
25 19 59 78
26 31 39
27 42 62 91
28 8 38
29 27 72 87
30 54 64
EOF