NAME : XML100_1174_27
DIMENSION : 101
NB_CLUSTERS : 36
CLUSTERING_ALG : KMeans
CLUSTERING_PARAMS : k(41)
CLUSTERS
1 0
2 43 55
3 18 48
4 12 64 89
5 22 57 65 93 98
6 9 47 74
7 29 36 51 80
8 4 10 32 95
9 11 87
10 3 21 90
11 60 76
12 56 70 83 91
13 58 84
14 6 45
15 1 5 23
16 35 38 42 46 86
17 28 61
18 16 59 94 100
19 13 19 53
20 67 82
21 31 50 77 99
22 41 66
23 88 92
24 49 96 97
25 27 44
26 75 79
27 20 25 68
28 7 81
29 14 39 85
30 15 54 69
31 2 17 62 72
32 8 26 52 63
33 24 71
34 40 73 78
35 33 37
36 30 34
EOF