NAME : XML100_1366_25
DIMENSION : 101
NB_CLUSTERS : 31
CLUSTERING_ALG : DBSCAN
CLUSTERING_PARAMS : eps(45), minSamples(3)
CLUSTERS
1 0
2 4 60 84 89
3 8 13 29 43 44 45 46 53 88 99
4 9 16 35 64
5 11 24 74 80
6 25 50 63 76 78 85
7 27 71 94
8 31 55 57 82
9 3 18 21 32 42 70
10 6 12 83 90
11 17 65 96
12 28 100
13 15 23 36
14 1 56 58
15 91 93 98
16 14 73
17 10 62 72 79
18 5 54
19 30 33 66 86
20 34 68 95
21 67 97
22 22 41
23 2 20 39 51
24 19 40 77
25 48 52
26 38 92
27 49 59
28 7 26
29 47 87
30 69 75 81
31 37 61
EOF