NAME : XML100_3143_11
DIMENSION : 101
NB_CLUSTERS : 28
CLUSTERING_ALG : DBSCAN
CLUSTERING_PARAMS : eps(40), minSamples(3)
CLUSTERS
1 0
2 1 21 27 61 77 80
3 4 8 12 31 48 70 72 98
4 5 33 38 42 63 69 74 90 93
5 24 28 53 65 67 73 82
6 32 46 92 97
7 11 71
8 18 29 49 54 55 83 86
9 34 66 91
10 7 52 89
11 45 79
12 44 47
13 14 15 25 75
14 19 22 26 37 95 100
15 30 78 84
16 9 60
17 6 36 51 59
18 16 64
19 56 57
20 10 23 50
21 81 87
22 88 99
23 3 40 41
24 35 39
25 2 68 94
26 13 58 76 85
27 20 43 62
28 17 96
EOF