NAME : XML100_3126_10
DIMENSION : 101
NB_CLUSTERS : 33
CLUSTERING_ALG : KMeans
CLUSTERING_PARAMS : k(33)
CLUSTERS
1 0
2 82 91
3 4 6 9
4 17 36 95
5 57 71
6 15 27 51
7 7 33 47
8 23 31 54 68 87
9 89 94
10 25 78
11 11 42 61 81 99
12 3 55 83
13 18 67 70
14 69 75 79 84
15 29 30 58
16 1 2
17 35 85 92 97
18 32 39 44 56
19 8 24 80
20 12 37 49
21 5 10 16 52 59
22 20 28 48 60
23 41 64 100
24 14 46 50 65
25 13 19 34 62 74
26 22 66
27 26 63 93
28 21 98
29 38 40 76
30 43 96
31 88 90
32 45 86
33 53 72 73 77
EOF