NAME : XML100_2166_02
DIMENSION : 101
NB_CLUSTERS : 35
CLUSTERING_ALG : KMeans
CLUSTERING_PARAMS : k(49)
CLUSTERS
1 0
2 13 56 63
3 5 43 83 94
4 3 41
5 52 53
6 14 39 62 79
7 4 22 69
8 1 55 67 90
9 38 82
10 30 98 99
11 40 42 66 84
12 29 37 46
13 19 20 44 92
14 9 59
15 10 88 89
16 18 93 100
17 27 57 95
18 7 80
19 8 31 32
20 23 50 61 68
21 65 85
22 21 48
23 12 15
24 47 58
25 75 77
26 16 34 87
27 60 70 71 78
28 2 36 76
29 96 97
30 26 73
31 24 25 49 64 81
32 35 45 51 74 86
33 33 91
34 11 17 28
35 6 54 72
EOF