NAME : XML100_3332_18
DIMENSION : 101
NB_CLUSTERS : 29
CLUSTERING_ALG : DBSCAN
CLUSTERING_PARAMS : eps(44), minSamples(3)
CLUSTERS
1 0
2 1 7 24 92 93
3 2 32 34 53 54 80 96 99
4 5 10 13 36 77 83
5 11 26 37 88
6 15 19 62
7 20 23 39 63 68 84
8 17 27 44 58
9 18 33 64 94 95
10 40 55
11 50 70
12 49 56 69 86
13 28 73
14 46 47 91
15 51 66
16 21 25 35 42 71 74
17 8 48 67 75
18 6 30 31 90 98
19 78 82
20 60 97
21 52 76
22 81 85 87
23 9 72
24 3 16 43 89
25 14 38 57 79
26 59 61
27 12 41 100
28 4 45
29 22 29 65
EOF