NAME : XML100_2265_18
DIMENSION : 101
NB_CLUSTERS : 29
CLUSTERING_ALG : DBSCAN
CLUSTERING_PARAMS : eps(19), minSamples(3)
CLUSTERS
1 0
2 3 16 44 59 76 94
3 4 9 20 26 43 68 96
4 10 15 27 30 31 39 41 58 99
5 17 37 38 97
6 21 65 72 90
7 25 71 74
8 19 24 33 36 85 86 89
9 29 91
10 5 12 23 81 100
11 34 80
12 18 45 52
13 77 88
14 28 47 48 54 66
15 51 56
16 70 82
17 8 60
18 53 55 57 67
19 14 35 62 93
20 1 75 98
21 42 50
22 13 63
23 22 32 40 69
24 49 64
25 6 7 83
26 11 46 87
27 2 73 78 95
28 61 79
29 84 92
EOF