NAME : XML100_3172_08
DIMENSION : 101
NB_CLUSTERS : 31
CLUSTERING_ALG : DBSCAN
CLUSTERING_PARAMS : eps(42), minSamples(3)
CLUSTERS
1 0
2 16 18 56 68
3 22 41 48 80 95
4 23 33 63 77 87
5 32 57 62 66 67 75 82 84 88 90 100
6 1 12 20 26 27 38 72 76 83
7 37 89
8 13 31 54
9 42 65
10 4 64 94
11 52 53 86
12 35 70
13 15 99
14 11 46 58
15 9 24 79
16 17 97
17 40 78
18 6 8 29
19 19 74
20 45 59 81
21 36 50
22 10 21 25 51 61 69 92
23 3 39
24 5 71
25 93 98
26 7 49
27 28 44
28 2 55 85
29 34 91
30 43 47 60 73 96
31 14 30
EOF