NAME : XML100_3145_12
DIMENSION : 101
NB_CLUSTERS : 28
CLUSTERING_ALG : DBSCAN
CLUSTERING_PARAMS : eps(38), minSamples(3)
CLUSTERS
1 0
2 16 19 61 66 71 74 80
3 22 43 50 63
4 37 54 65
5 28 38 41 67
6 7 20 26 27 30 40
7 46 56 93
8 31 49 51 55 59 96
9 4 18 29 33 35 53 77 78 84 97
10 44 86
11 25 68
12 3 13 52
13 1 45 99
14 14 72 91 92
15 9 10 23 32 90 95 98
16 36 79
17 2 24 42 64 85 94
18 5 6 15 48 58
19 39 87
20 12 70
21 62 69
22 76 88
23 34 47
24 8 75 81 82 89
25 17 100
26 57 73
27 11 83
28 21 60
EOF