NAME : XML100_1126_18
DIMENSION : 101
NB_CLUSTERS : 33
CLUSTERING_ALG : DBSCAN
CLUSTERING_PARAMS : eps(19), minSamples(3)
CLUSTERS
1 0
2 23 39 43
3 29 32 47 76 90 93
4 9 11 27 30 74 99
5 24 35 78 89
6 22 66
7 8 13 69 82
8 79 81 86
9 36 88
10 16 25
11 2 10 63
12 52 75
13 21 71
14 19 26 87
15 17 77
16 1 28 54
17 3 15 50 64
18 56 59 65 97
19 40 48 49 84
20 58 60
21 42 51 62 67 98
22 57 73 92
23 4 6 18 91
24 7 41 53 55
25 38 80
26 34 46 85
27 94 96 100
28 33 44
29 14 31 61 83
30 70 95
31 12 20 37
32 5 68
33 45 72
EOF