NAME : XML100_1142_26
DIMENSION : 101
NB_CLUSTERS : 27
CLUSTERING_ALG : DBSCAN
CLUSTERING_PARAMS : eps(59), minSamples(3)
CLUSTERS
1 0
2 4 60 82
3 2 14 47 74
4 24 35 71 75
5 12 25 49 57 79 94
6 9 31 36 41 45 54 95
7 34 67 92 96
8 22 23 38 42 46 50 51 53 63 69 70 88 100
9 40 43 44 59 65 77 85
10 17 33 73 86 91 97
11 16 21 27
12 19 61 68 93 99
13 5 6
14 29 90
15 11 58 80
16 48 72 81
17 7 52 83
18 15 30
19 13 56 62 87
20 37 39 89
21 8 20 32
22 18 66
23 3 10 76
24 1 28
25 26 98
26 64 78
27 55 84
EOF