NAME : XML100_1163_26
DIMENSION : 101
NB_CLUSTERS : 29
CLUSTERING_ALG : DBSCAN
CLUSTERING_PARAMS : eps(50), minSamples(3)
CLUSTERS
1 0
2 13 34 76
3 25 29 37 38 45 85 96 100
4 46 81 89
5 50 52 62
6 4 5 32 56 84
7 23 57 61 75 91
8 3 64 74 77
9 8 60 67 94
10 27 49 69
11 20 28 59 65 79 82 99
12 14 35
13 22 40 58 63 97
14 17 55
15 11 33 78
16 71 90
17 26 41 98
18 2 9 16
19 48 51 72 73 92
20 24 83
21 12 18 21 68
22 30 43
23 39 47 66 70
24 6 54 80 87
25 1 19
26 31 95
27 10 36 42 88 93
28 15 44 53
29 7 86
EOF