NAME : XML100_3354_12
DIMENSION : 101
NB_CLUSTERS : 28
CLUSTERING_ALG : DBSCAN
CLUSTERING_PARAMS : eps(25), minSamples(3)
CLUSTERS
1 0
2 3 37 50 53 69
3 4 9 22 74 76 82 92 100
4 20 31 59 64 78 83
5 51 60 70 81 86 88 98
6 11 66
7 39 57
8 33 55 61 73 77
9 13 36 62
10 27 41 45 80
11 21 47 65
12 14 63
13 10 49 90
14 2 12 25 85
15 30 40 44 54 68
16 17 48 75 89
17 6 93
18 28 96 97
19 5 46 94
20 1 8 42 52 58 67 79 87
21 23 29 95
22 7 32 56 91
23 38 43
24 19 34 84 99
25 16 18
26 26 71
27 15 35
28 24 72
EOF