NAME : XML100_2123_12
DIMENSION : 101
NB_CLUSTERS : 27
CLUSTERING_ALG : DBSCAN
CLUSTERING_PARAMS : eps(69), minSamples(3)
CLUSTERS
1 0
2 2 5 9 13 67 77 84
3 10 26 40 51 69 88
4 11 36 45 64
5 15 31 68 98
6 16 23 47
7 17 21 24 28 41 59 71 85
8 18 20 42 43
9 7 30 75 97
10 33 35 52 65 83 92
11 27 37 53 72 87
12 66 70 90
13 34 44 60 76 82 91 93
14 1 38 99
15 14 73
16 48 49 94 100
17 25 50
18 22 57
19 19 61
20 4 6 32
21 29 55 58 63 78
22 81 95
23 3 74 89 96
24 12 46 62
25 39 54 56
26 8 80
27 79 86
EOF