NAME : XML100_2342_08
DIMENSION : 101
NB_CLUSTERS : 30
CLUSTERING_ALG : DBSCAN
CLUSTERING_PARAMS : eps(23), minSamples(3)
CLUSTERS
1 0
2 11 50 55 62 91 100
3 14 30 44 96
4 5 17 38 67 99
5 1 12 27 29 33 48 79 85
6 2 16
7 34 45
8 15 41 60
9 35 68 70 98
10 19 47 59 75 89
11 25 97
12 21 66 74
13 24 52 53 95
14 28 87 90
15 13 88
16 20 46 81
17 51 71
18 18 22 31 32 77 84 93
19 8 64 78
20 7 26 43 72 92
21 23 49
22 54 56 94
23 10 39
24 36 57 61
25 58 76
26 4 42
27 40 82
28 6 37 73 83 86
29 9 63
30 3 65 69 80
EOF