NAME : XML100_1336_21
DIMENSION : 101
NB_CLUSTERS : 32
CLUSTERING_ALG : DBSCAN
CLUSTERING_PARAMS : eps(37), minSamples(3)
CLUSTERS
1 0
2 1 23 68 87
3 5 8 35 81 86 91
4 11 15 38 40 48
5 13 63 65 73 75
6 31 47 70 78 99
7 9 43 67 72 84 95 97
8 19 69
9 55 92
10 46 61 96
11 18 80
12 58 71 76
13 27 42 82
14 21 51 98
15 33 64 74
16 22 66 83
17 39 100
18 16 26 90 94
19 29 57 77 88
20 2 50
21 14 44 62
22 20 32 41
23 6 12 30
24 24 49
25 85 89 93
26 10 34 60
27 17 28
28 4 53 79
29 7 25 52
30 3 36 56
31 54 59
32 37 45
EOF