NAME : XML100_3174_11
DIMENSION : 101
NB_CLUSTERS : 32
CLUSTERING_ALG : DBSCAN
CLUSTERING_PARAMS : eps(47), minSamples(3)
CLUSTERS
1 0
2 1 6 34 73 80 90
3 2 8 17 75
4 10 25 92 94 100
5 33 46 84
6 29 42 63 74
7 5 77 91
8 16 18 24 28 40 56 76 96 99
9 13 44 71
10 27 52
11 26 55 72
12 7 19 23
13 11 14 49 53 66
14 36 37 45 61
15 60 68
16 22 30 31 32
17 88 98
18 3 20
19 12 86
20 4 47 59 78
21 21 35
22 51 54
23 41 83
24 9 79 87
25 67 70 97
26 43 82
27 62 65 95
28 38 57 85 89
29 81 93
30 48 69
31 15 39 58
32 50 64
EOF