NAME : XML100_3162_26
DIMENSION : 101
NB_CLUSTERS : 33
CLUSTERING_ALG : KMeans
CLUSTERING_PARAMS : k(36)
CLUSTERS
1 0
2 12 51
3 50 54 88 92
4 45 48 53
5 27 67 68 75 87
6 9 97
7 6 26 95
8 33 59 66 71 77 80 89
9 11 93
10 2 28 62
11 49 58 64
12 4 7 90
13 22 52 74 78 84
14 14 31 55 73 98
15 44 79
16 40 61 100
17 5 15 42 46 81
18 19 23
19 24 86
20 3 94
21 35 65 76
22 1 16
23 57 72 91
24 25 83 96
25 29 69 82
26 34 43 56 63
27 10 18 30 38 39
28 20 37
29 13 47 85
30 8 60
31 32 41
32 21 36 70
33 17 99
EOF