NAME : XML100_3342_01
DIMENSION : 101
NB_CLUSTERS : 28
CLUSTERING_ALG : DBSCAN
CLUSTERING_PARAMS : eps(41), minSamples(3)
CLUSTERS
1 0
2 2 20 27 31 85
3 4 6 7 9 13 16 25 38 50 53 66 70 81 86 94
4 8 59 60 61 78 79 83 90
5 33 35 56 58 76 77
6 11 23 34 65
7 21 39 49 63 80 92
8 1 51
9 69 100
10 93 96
11 5 18 37
12 24 48 67 74 75
13 17 36 84 99
14 29 95
15 10 14 52
16 19 32 64 97
17 55 87
18 3 43 44
19 15 42 73 98
20 22 88
21 41 45
22 54 68 89
23 28 62 72
24 30 71
25 40 47
26 12 91
27 57 82
28 26 46
EOF