NAME : XML100_3171_20
DIMENSION : 101
NB_CLUSTERS : 29
CLUSTERING_ALG : DBSCAN
CLUSTERING_PARAMS : eps(54), minSamples(3)
CLUSTERS
1 0
2 3 22 59 61 94
3 5 14 38 41 68 99
4 8 11 47 66
5 12 26 40 43
6 33 54 71
7 36 45 46
8 9 20 24 48 76
9 6 7 29 49
10 57 60 77 80 92
11 10 25 69 73 98
12 27 30 32 64 78 82 96
13 15 81 87 89 93
14 88 95
15 23 51 75
16 72 85
17 2 13
18 56 63 100
19 18 52 53 55 62
20 4 34 91
21 28 65
22 79 86
23 39 42
24 35 67
25 17 37 44 58 70 84 97
26 1 50 90
27 19 31
28 21 74
29 16 83
EOF