NAME : XML100_3156_08
DIMENSION : 101
NB_CLUSTERS : 35
CLUSTERING_ALG : KMeans
CLUSTERING_PARAMS : k(40)
CLUSTERS
1 0
2 41 60 64 72 91 92
3 8 62
4 11 14 61 69
5 65 77
6 17 25 26 33 58
7 22 93
8 95 96
9 2 4 50 79
10 10 28
11 21 24 29 38
12 3 32 42 76 98
13 31 74
14 7 40
15 23 71 78
16 1 70
17 81 82
18 80 99
19 34 37 44 49 55 97
20 75 84
21 35 57 67
22 5 15 51
23 43 88
24 18 19 46 73 86
25 54 89
26 36 56 59
27 12 16 87
28 13 47 68
29 30 94
30 52 63 85
31 27 45
32 6 66
33 48 83 90
34 9 20 39
35 53 100
EOF