NAME : XML100_1166_11
DIMENSION : 101
NB_CLUSTERS : 34
CLUSTERING_ALG : KMeans
CLUSTERING_PARAMS : k(39)
CLUSTERS
1 0
2 14 28 54
3 7 35 46
4 12 29 69 72
5 3 9 51 52
6 23 39 60 78
7 2 100
8 18 62 87 99
9 5 26 68
10 32 34
11 31 73 81 93
12 50 83
13 8 33 53
14 4 42 80
15 1 24 44 67 84
16 56 59 91
17 11 16 43 90
18 40 41 47
19 21 89
20 88 97
21 22 57 74 82
22 6 48
23 13 86 96
24 27 38 79 94
25 30 75
26 55 61 70
27 10 15 17
28 58 64
29 19 25 71 98
30 20 65
31 45 85
32 37 49 63 95
33 36 66 92
34 76 77
EOF