NAME : XML100_3132_14
DIMENSION : 101
NB_CLUSTERS : 29
CLUSTERING_ALG : DBSCAN
CLUSTERING_PARAMS : eps(60), minSamples(3)
CLUSTERS
1 0
2 4 31 35 66 72 100
3 7 53 54 58
4 9 14 65
5 10 48 88
6 15 20 76 84
7 21 22 59 61
8 28 77 92
9 6 26 34
10 2 37 39 40 68 89 97
11 1 36 45 60 91
12 24 57 70 82 83 86
13 16 27 62 63 69 98
14 12 29 71
15 46 64 85 94 99
16 67 80
17 74 96
18 81 87
19 23 41 56 73 79 93
20 11 19
21 75 78
22 8 17 90
23 33 38
24 13 42 52 95
25 25 32 44
26 5 18
27 30 43 50 55
28 47 49
29 3 51
EOF