NAME : XML100_3146_26
DIMENSION : 101
NB_CLUSTERS : 30
CLUSTERING_ALG : DBSCAN
CLUSTERING_PARAMS : eps(53), minSamples(3)
CLUSTERS
1 0
2 1 40 43 81
3 4 8 21 29 31 71
4 3 11 86
5 14 34 50 56 82
6 15 25 47 48 59 75 83
7 28 32 92
8 33 58 62 70 76 96
9 2 17 41 42 78 97
10 19 39 60 63 65 73 79 93 94
11 61 87
12 37 45 90
13 52 57
14 6 10 80 91
15 30 72
16 26 55 64 98
17 66 89
18 18 84
19 20 36 100
20 12 85 88
21 35 77
22 9 95
23 44 69
24 13 51
25 54 67 68
26 16 49
27 24 27 53 99
28 7 46
29 5 23 74
30 22 38
EOF