NAME : XML100_1175_09
DIMENSION : 101
NB_CLUSTERS : 27
CLUSTERING_ALG : DBSCAN
CLUSTERING_PARAMS : eps(57), minSamples(3)
CLUSTERS
1 0
2 1 3 64
3 16 18 37 43 52 69 89
4 23 35 40 73 76 94
5 24 27 33 41 44 50 61 80
6 36 38 54 93 98
7 6 8 10 51 60 79
8 4 56 66 78 83 86 88 97
9 13 31 45 57
10 9 11 32 58 74 92 100
11 2 26
12 20 28 63
13 29 30
14 39 46 81 95
15 55 65
16 77 96
17 15 48
18 21 22
19 19 90 91 99
20 7 84
21 49 59 72 87
22 53 62
23 17 25 85
24 14 75 82
25 42 47 67
26 5 68 71
27 12 34 70
EOF