NAME : XML100_3146_11
DIMENSION : 101
NB_CLUSTERS : 28
CLUSTERING_ALG : DBSCAN
CLUSTERING_PARAMS : eps(61), minSamples(3)
CLUSTERS
1 0
2 2 4 42 60 80 99
3 5 8 10 18 37 62 71 85 97
4 6 14 22 83
5 7 33 41 57 66 75
6 3 12 50 63
7 40 64 74
8 17 19 30 46 52 79
9 15 24 36 39 48 49 81 96
10 58 90
11 21 23
12 51 78 89 100
13 20 44 56 73
14 35 87
15 25 84 91 92
16 11 94
17 1 98
18 53 54
19 34 65 86
20 43 45
21 72 95
22 9 32 61 76 82
23 13 16 69
24 26 27 47 70 93
25 67 68 88
26 29 59
27 28 31 38
28 55 77
EOF