NAME : XML100_2373_13
DIMENSION : 101
NB_CLUSTERS : 28
CLUSTERING_ALG : DBSCAN
CLUSTERING_PARAMS : eps(49), minSamples(3)
CLUSTERS
1 0
2 1 2 5 35 38 54 62 64 96 99 100
3 4 24 76 85
4 6 15 37 39 52 73 84 88 89 91
5 7 8 23 41 68 72 86
6 29 49 61 69
7 16 43 45
8 10 11 20 28 67 71 94
9 26 57 93
10 14 83
11 47 53
12 9 79
13 33 46
14 25 90
15 3 56 74 97
16 12 30 50
17 42 48 51
18 36 55
19 65 66 82
20 13 59 95
21 63 87
22 31 40
23 22 32 80
24 21 70
25 18 19 77 78
26 17 44 75 92
27 58 60 81 98
28 27 34
EOF