NAME : XML100_1166_08
DIMENSION : 101
NB_CLUSTERS : 28
CLUSTERING_ALG : DBSCAN
CLUSTERING_PARAMS : eps(29), minSamples(3)
CLUSTERS
1 0
2 27 28 38 47 56 80 86
3 10 13 68 76 83 95 96 100
4 11 34 36 41 71 90
5 14 32 55 64 98 99
6 29 54 91
7 44 52
8 16 19 49 66
9 20 23 51
10 3 24 25 31 75 77
11 7 46
12 8 60 74
13 1 9
14 2 53 61 72 79
15 33 40 85 88
16 5 39 45 89
17 57 63 78
18 42 58 65 69 94
19 21 30 67 70
20 26 35 37
21 43 92
22 48 84
23 4 82
24 6 62 87
25 18 22 93
26 17 59 73 81
27 15 97
28 12 50
EOF