NAME : XML100_3244_17
DIMENSION : 101
NB_CLUSTERS : 28
CLUSTERING_ALG : DBSCAN
CLUSTERING_PARAMS : eps(16), minSamples(3)
CLUSTERS
1 0
2 2 72 86
3 5 6 8 11 13 15 32 40 54 73 75 78 92 97
4 17 20 38 39 50
5 29 34 85
6 12 36 45
7 18 55 89 91 96 99
8 1 51 59 68 100
9 37 63
10 16 25 57 60 70 82
11 46 76 87
12 21 22 58 81
13 53 67
14 14 79
15 49 52 64 90
16 56 95
17 24 27 31 41
18 7 28 84 94
19 83 88
20 44 61 71 74
21 62 77
22 9 33 35 98
23 4 30
24 3 66
25 10 47
26 26 43
27 19 23 69
28 42 48 65 80 93
EOF