NAME : XML100_3173_21
DIMENSION : 101
NB_CLUSTERS : 33
CLUSTERING_ALG : KMeans
CLUSTERING_PARAMS : k(39)
CLUSTERS
1 0
2 5 63 75
3 34 58 71 78 89
4 9 59
5 40 66 79 87 97
6 46 47 92
7 27 28 99
8 7 41 45 84 96
9 20 42
10 15 19 65 76 90 98
11 32 36
12 18 73 88
13 25 26 67 91 94
14 22 43
15 35 53 85
16 3 30 39
17 24 50 60
18 14 21 72
19 16 44 57
20 8 23 77 93
21 83 100
22 33 49
23 64 80 82
24 11 12 54
25 17 48 52 55 56
26 2 6
27 37 51 81
28 38 68 74
29 29 62
30 13 61 69
31 10 31 70
32 86 95
33 1 4
EOF