NAME : XML100_3351_01
DIMENSION : 101
NB_CLUSTERS : 30
CLUSTERING_ALG : DBSCAN
CLUSTERING_PARAMS : eps(31), minSamples(3)
CLUSTERS
1 0
2 1 13 82 93 96
3 9 59 64 85 95 97
4 12 14 21 48 55
5 19 23 67 71 77
6 22 36 42 50 61 79
7 6 46 52 54 65 69 81 91 100
8 37 49 51 88 92
9 25 39
10 44 84
11 2 20 86
12 10 56
13 33 40 80
14 31 41
15 72 74
16 11 53 62 99
17 43 78
18 5 26
19 27 75
20 57 83
21 8 17 34 58
22 4 7
23 3 60 70
24 35 94
25 28 68 98
26 24 29
27 15 18 32 47 76 90
28 30 63 66 89
29 16 38
30 45 73 87
EOF