NAME : XML100_1141_19
DIMENSION : 101
NB_CLUSTERS : 27
CLUSTERING_ALG : DBSCAN
CLUSTERING_PARAMS : eps(55), minSamples(3)
CLUSTERS
1 0
2 3 21 22 25 27 31 42 64 66 77
3 12 19 26
4 28 52 70 72
5 41 44 59
6 24 45 49 69 75
7 7 16 48 50 95
8 14 53 57 65 80 81 88 92 93
9 46 60 79
10 29 82 85 86 100
11 15 47 51 55 78 89
12 5 17 38 73
13 10 96
14 2 35 63
15 83 91
16 20 36 71
17 6 74
18 11 13 34 54 84
19 9 37 62
20 33 97
21 68 76 90 94 99
22 30 56
23 8 43 98
24 23 58 67
25 18 39
26 1 4 40 61
27 32 87
EOF