NAME : XML100_3152_07
DIMENSION : 101
NB_CLUSTERS : 32
CLUSTERING_ALG : DBSCAN
CLUSTERING_PARAMS : eps(38), minSamples(3)
CLUSTERS
1 0
2 9 14 64
3 31 56 68 88 91
4 6 20 49 62 65 67 72 79 85
5 40 45 59
6 4 24 70
7 48 77 90
8 1 95
9 27 66
10 18 29 69 94
11 8 10 15 38 83 84
12 5 26 52 58 74
13 22 60
14 51 54
15 33 50
16 25 86
17 17 39 41 55 61 78 87
18 36 63 92
19 23 28 44 73
20 32 47
21 12 19 96
22 3 53 81
23 16 35 76
24 57 100
25 21 30 75 80
26 7 71
27 13 82
28 34 42
29 43 46
30 11 37 89
31 2 93 98
32 97 99
EOF