NAME : XML100_3142_20
DIMENSION : 101
NB_CLUSTERS : 41
CLUSTERING_ALG : KMeans
CLUSTERING_PARAMS : k(44)
CLUSTERS
1 0
2 73 95
3 38 86 94
4 29 53 96
5 34 87
6 10 49 66
7 36 82
8 16 43
9 31 88 89
10 55 71 83
11 17 58 69
12 4 35 41
13 1 9 46 79
14 13 22
15 68 70
16 18 64
17 23 54 91
18 50 72
19 26 62
20 7 28 74
21 45 56
22 48 59 99
23 37 40 65 85
24 3 11 90
25 2 33 100
26 27 47
27 14 42
28 20 24
29 21 97
30 12 15
31 67 93
32 5 44 51
33 57 77
34 8 98
35 6 32 61 75
36 19 39 52
37 80 92
38 25 63
39 76 81
40 30 84
41 60 78
EOF