NAME : XML100_3362_11
DIMENSION : 101
NB_CLUSTERS : 29
CLUSTERING_ALG : DBSCAN
CLUSTERING_PARAMS : eps(31), minSamples(3)
CLUSTERS
1 0
2 3 23 40 48 59 98 100
3 29 33 35 39 44 69 80 84 89 91
4 42 45 74
5 11 22 58 62 94
6 19 36 81 88 95
7 1 46 68 71 97
8 53 57 70
9 15 52 60
10 24 32 51
11 9 37 64
12 6 7 47 63 77
13 2 30
14 21 66 86
15 12 67
16 14 56 61 65 85
17 5 20 27 78 83
18 38 41 75 99
19 4 18 34
20 17 43
21 16 96
22 13 28 87
23 82 92
24 25 72
25 26 55 73
26 8 90
27 50 54
28 49 79
29 10 31 76 93
EOF