NAME : XML100_1163_13
DIMENSION : 101
NB_CLUSTERS : 31
CLUSTERING_ALG : DBSCAN
CLUSTERING_PARAMS : eps(53), minSamples(3)
CLUSTERS
1 0
2 1 38 56 79
3 15 20 59 61 64 91
4 5 21 46 83
5 8 18 29 34 65 71 89
6 47 49 99
7 4 77 78 84 97
8 11 26 35 67 93 94
9 7 10 51
10 54 82
11 30 53 70 96
12 3 41 44 58 100
13 22 23 90
14 32 52 76 92
15 24 86
16 50 80
17 9 25
18 14 28 43 62
19 36 63 68
20 72 87
21 6 12 37
22 19 57 95 98
23 27 33 39
24 40 74 88
25 16 60 66
26 17 81 85
27 73 75
28 42 69
29 2 13
30 48 55
31 31 45
EOF