NAME : XML100_2165_21
DIMENSION : 101
NB_CLUSTERS : 27
CLUSTERING_ALG : DBSCAN
CLUSTERING_PARAMS : eps(69), minSamples(3)
CLUSTERS
1 0
2 1 8 20 61
3 4 57 60 64 96
4 3 5 35 44 56 94
5 9 16 38 47 70 72 75
6 13 40 73 81 90
7 14 26 45 87
8 18 46 98
9 22 27 66
10 23 71 77
11 29 36 62 100
12 32 33 79
13 39 50 97
14 11 41 43 51 53 67 83 86 95
15 42 48 69
16 31 54 63 65 78 82 89 93
17 12 34
18 6 55 68
19 15 21
20 10 28
21 76 85
22 2 17 37
23 24 30
24 7 19 49 84
25 58 74 80 99
26 25 88
27 52 59 91 92
EOF