NAME : XML100_3173_25
DIMENSION : 101
NB_CLUSTERS : 31
CLUSTERING_ALG : DBSCAN
CLUSTERING_PARAMS : eps(55), minSamples(3)
CLUSTERS
1 0
2 1 5 20 29 52 87 100
3 4 7 57 68
4 8 27 33 56 63 65 90
5 9 35 47
6 12 53 70 78
7 16 51 73
8 25 45 50 86 94
9 40 42 97
10 59 67 72 84
11 21 38 41 89 93 98
12 17 26
13 54 76
14 3 28 46
15 23 31
16 18 82
17 6 39 95
18 2 79
19 15 32 58
20 10 64 81
21 49 77 91
22 13 62 71 83
23 22 34
24 43 44 80 88
25 14 30 48
26 11 24
27 19 74 75
28 36 61 92 96
29 37 60
30 55 85 99
31 66 69
EOF