NAME : XML100_3133_11
DIMENSION : 101
NB_CLUSTERS : 30
CLUSTERING_ALG : DBSCAN
CLUSTERING_PARAMS : eps(45), minSamples(3)
CLUSTERS
1 0
2 3 29 32 60 62 83
3 4 25 30 55 57 58
4 9 63 64
5 13 19 23 74 86
6 18 27 31 71 75 91
7 51 84 87 92 94
8 7 12 52
9 10 42 43 49 65 76
10 33 39 68 73 81
11 34 41 53 96
12 20 47 78
13 17 80 85
14 35 82
15 28 93 98
16 44 72 77
17 26 88
18 70 90
19 5 8
20 24 36 56
21 46 61
22 6 21 37 69
23 2 97
24 50 95
25 1 14 15 48 66 100
26 40 54
27 45 67 99
28 38 59 89
29 11 16
30 22 79
EOF