NAME : XML100_1173_08
DIMENSION : 101
NB_CLUSTERS : 32
CLUSTERING_ALG : DBSCAN
CLUSTERING_PARAMS : eps(45), minSamples(3)
CLUSTERS
1 0
2 5 13 83
3 18 47 48 53 67 69 72 77 82 88 99
4 34 38 63 94
5 4 33 37 54 97
6 23 46 52 92
7 24 80
8 36 50
9 25 55
10 39 57 59
11 2 14 86
12 8 96
13 22 27
14 26 76 90 93
15 21 41 44
16 58 78 98
17 10 30 62 91
18 42 89
19 66 70 74
20 7 43 56 87
21 3 6 12 85
22 15 16 68
23 29 49 61 79
24 60 73
25 17 31 40 81
26 20 32 100
27 1 45 84
28 19 35
29 9 51
30 64 75 95
31 28 71
32 11 65
EOF