NAME : XML100_2154_09
DIMENSION : 101
NB_CLUSTERS : 34
CLUSTERING_ALG : KMeans
CLUSTERING_PARAMS : k(38)
CLUSTERS
1 0
2 26 46 51
3 15 48 78 100
4 7 35 99
5 14 60
6 16 56
7 4 8 13 54 83
8 34 57
9 1 24
10 12 49 94
11 70 80
12 11 36 59 66 68 89
13 2 18 22 28 29
14 10 42 75
15 32 47 58 91
16 9 67 82 84
17 17 39 43 53 71 81
18 19 25 31 55 62 98
19 52 92
20 21 23 76 87
21 30 44 69
22 74 93
23 41 61 64 90
24 37 73
25 63 97
26 77 86
27 3 96
28 20 50
29 5 27
30 38 85
31 79 88
32 6 40 45
33 33 72
34 65 95
EOF