NAME : XML100_3334_16
DIMENSION : 101
NB_CLUSTERS : 31
CLUSTERING_ALG : DBSCAN
CLUSTERING_PARAMS : eps(18), minSamples(3)
CLUSTERS
1 0
2 7 45 50 70 82 93
3 48 83 95 100
4 3 40 51 55 56 59 62 75 76 85
5 35 41 90
6 11 17 79 98
7 22 38 42 46
8 4 24 39 88
9 2 60 64 71 74 80 96
10 5 6 44
11 9 30 67
12 25 57
13 31 89
14 18 36
15 1 81 87
16 23 28 78
17 43 77
18 69 73 91
19 16 19 54
20 8 33 86
21 15 65 97 99
22 27 61 94
23 34 53
24 29 37
25 10 13
26 12 49 84
27 26 63 66 68
28 20 72 92
29 14 52
30 21 47
31 32 58
EOF