NAME : XML100_3335_25
DIMENSION : 101
NB_CLUSTERS : 28
CLUSTERING_ALG : DBSCAN
CLUSTERING_PARAMS : eps(56), minSamples(3)
CLUSTERS
1 0
2 3 22 25 63 65 77
3 6 19 46 67 86 97
4 8 9 50 73
5 24 28 66 76 79
6 11 27 45 47 68 72 78
7 29 36 38 51 71 82 83 88 89 93 94 98
8 34 37 44 92
9 15 21 41 60 90
10 26 53 59 81
11 31 48 57 64 80 84
12 35 49
13 52 58
14 30 56
15 23 85
16 10 70 99
17 20 96
18 32 33
19 13 69 100
20 2 43
21 12 14 18
22 5 42 62 75
23 1 16 40
24 17 39
25 7 91
26 54 55 61
27 74 87
28 4 95
EOF