NAME : XML100_2136_06
DIMENSION : 101
NB_CLUSTERS : 30
CLUSTERING_ALG : DBSCAN
CLUSTERING_PARAMS : eps(61), minSamples(3)
CLUSTERS
1 0
2 3 56 95
3 13 59 97
4 14 36 81
5 16 50 89 91
6 25 94 99
7 7 24 26 30 66 71 77 88
8 12 28 37 39 61 70 83 86 87 90
9 32 46 52 62
10 43 48 76
11 57 65 72
12 22 23 55 58
13 4 10 17 29 44 69
14 19 93
15 5 6 11
16 1 51
17 27 73 75
18 20 35
19 42 45
20 60 64 98
21 41 79
22 67 78 96
23 9 18 68
24 40 84
25 8 49
26 21 80 100
27 2 33 47 53 54
28 15 38 63 74
29 31 85 92
30 34 82
EOF