NAME : XML100_1164_26
DIMENSION : 101
NB_CLUSTERS : 27
CLUSTERING_ALG : DBSCAN
CLUSTERING_PARAMS : eps(55), minSamples(3)
CLUSTERS
1 0
2 1 14 17 76 87 88 93
3 2 21 28 49 63 64 83
4 11 15 30 47 50 75
5 16 69 74 90
6 19 35 51 52 84 86
7 27 38 41 44 54 58
8 40 45 94 97
9 46 62 70 72 92 98
10 4 42
11 37 85
12 5 13 26 60
13 33 55 71 78
14 9 68 80
15 25 61
16 77 91
17 23 31 34 48 73
18 7 36 79
19 39 43 57 81 100
20 18 22 65 66 99
21 20 32 53
22 29 89 96
23 6 24 59
24 8 10
25 56 82
26 12 67
27 3 95
EOF