NAME : XML100_3165_15
DIMENSION : 101
NB_CLUSTERS : 27
CLUSTERING_ALG : DBSCAN
CLUSTERING_PARAMS : eps(41), minSamples(3)
CLUSTERS
1 0
2 3 18 30 41 50 53 83 89
3 1 5 17 61 79
4 8 76 86 90
5 12 16 67 84 91
6 4 71 87 95 97
7 9 13 28 56 88 94
8 23 35 51 80 100
9 6 54 60
10 22 25 72 92
11 24 37 38 64
12 14 20 34 43 59
13 7 15 74 82
14 26 31 44 57
15 27 36 75
16 47 98
17 2 29 49 68
18 19 32 66
19 63 70 99
20 39 69 93
21 11 48 62 77 78
22 33 46 52 96
23 10 45 55
24 81 85
25 21 73
26 40 58
27 42 65
EOF