NAME : XML100_3126_11
DIMENSION : 101
NB_CLUSTERS : 29
CLUSTERING_ALG : DBSCAN
CLUSTERING_PARAMS : eps(75), minSamples(3)
CLUSTERS
1 0
2 1 8 25 84
3 2 5 6 67 97
4 4 14 19 21 22 48 68 83 92
5 9 76 90
6 10 16 31 64
7 17 46 57
8 18 32 37 51 52 58 61 79
9 12 27 78 93 98
10 29 75 96
11 3 35 38 55 59 62
12 42 72 94
13 7 13 47 70 99
14 11 43 74
15 26 77
16 44 63
17 34 45 49
18 30 54
19 50 71
20 20 28 40 56 60 100
21 73 88
22 36 89
23 23 33 53
24 65 69
25 15 39 66 80
26 24 86
27 82 87
28 41 91
29 81 85 95
EOF