NAME : XML100_3162_07
DIMENSION : 101
NB_CLUSTERS : 31
CLUSTERING_ALG : DBSCAN
CLUSTERING_PARAMS : eps(38), minSamples(3)
CLUSTERS
1 0
2 8 12 64 68 74 88 92 94
3 13 20 30 42 87 91
4 4 31 81
5 2 76
6 35 75
7 44 58 62
8 10 16
9 11 29 45 51 52 56 89
10 3 18 21 48 49 57
11 37 47 55
12 1 24 43
13 14 23 39 93
14 17 25 26 27 32 59 67 79 100
15 60 84 98
16 41 97
17 33 71 80
18 53 61 77 83
19 46 78
20 38 65 66 99
21 22 36
22 82 95
23 40 72
24 34 54
25 73 85
26 9 90 96
27 6 63
28 5 86
29 15 28
30 19 50 69
31 7 70
EOF