NAME : XML100_3134_12
DIMENSION : 101
NB_CLUSTERS : 34
CLUSTERING_ALG : DBSCAN
CLUSTERING_PARAMS : eps(37), minSamples(3)
CLUSTERS
1 0
2 19 24 43 58 95 100
3 41 57 65 75 79
4 32 44 45 59 64 72 88
5 35 93
6 2 86
7 53 78 90
8 14 48 56 77
9 7 17 18
10 1 16 30 85
11 29 51
12 5 21
13 8 11 12 60 66
14 25 38 68
15 4 23 55
16 70 84
17 62 73 76 91
18 13 52 83
19 10 31 54
20 40 80
21 15 97 98
22 3 9 28 92
23 22 49 63 69
24 87 94
25 6 20
26 67 81
27 26 37
28 34 89
29 39 46 71 74
30 50 61
31 33 36
32 27 42
33 96 99
34 47 82
EOF