NAME : XML100_2175_24
DIMENSION : 101
NB_CLUSTERS : 34
CLUSTERING_ALG : KMeans
CLUSTERING_PARAMS : k(38)
CLUSTERS
1 0
2 14 27 71
3 3 64 95
4 28 37 65
5 5 21 53
6 45 85
7 24 52 76
8 18 51 60 74 86
9 11 90
10 35 39 88
11 22 36 38 78
12 6 63
13 4 10 16 73
14 8 31 42
15 19 33 91 94
16 41 93
17 49 58 62 69 72
18 75 81
19 7 66 83
20 44 96 97
21 67 68 89
22 15 30 34
23 12 26 46 61 87
24 1 23
25 2 56 57 92
26 54 59
27 40 99
28 25 47
29 13 77 82
30 20 48 55 84
31 43 98
32 17 70
33 9 32 100
34 29 50 79 80
EOF