NAME : XML100_1174_23
DIMENSION : 101
NB_CLUSTERS : 31
CLUSTERING_ALG : DBSCAN
CLUSTERING_PARAMS : eps(36), minSamples(3)
CLUSTERS
1 0
2 7 24 46 79
3 8 52 65 71
4 20 53 56 64
5 4 33 39 54 60 61 62 86
6 25 31 35
7 34 37 45 95
8 28 57 81
9 66 78 91 97
10 16 40 99
11 29 74 76 77
12 9 96 98
13 19 27 82
14 5 6 13 63 87 90
15 17 26 47 55 68 72 88
16 42 50
17 12 69
18 59 67
19 44 70
20 3 73
21 10 43 85
22 58 80 83
23 14 94
24 2 18 30 51
25 22 49
26 11 48
27 41 84 89 100
28 15 38
29 1 21 23 92
30 32 75
31 36 93
EOF