NAME : XML100_1132_17
DIMENSION : 101
NB_CLUSTERS : 30
CLUSTERING_ALG : DBSCAN
CLUSTERING_PARAMS : eps(58), minSamples(3)
CLUSTERS
1 0
2 1 5 31 59
3 2 13 32 57 63 77
4 4 22 50 69 81
5 7 19 29
6 14 15 66
7 24 30 35 45 49 79 89 91
8 21 34 43 72 73
9 60 98 99
10 52 62 76 95
11 10 26 47 75 94
12 51 74
13 17 96
14 8 36 54
15 44 88
16 53 84 93
17 61 78 100
18 18 65 68 87
19 12 80
20 48 55 71
21 6 20 37 82 86
22 27 67
23 11 70 90 97
24 3 28 41 46 85
25 38 64
26 42 92
27 23 56
28 25 33 58 83
29 9 39
30 16 40
EOF