NAME : XML100_1116_02
DIMENSION : 101
NB_CLUSTERS : 34
CLUSTERING_ALG : KMeans
CLUSTERING_PARAMS : k(37)
CLUSTERS
1 0
2 13 45
3 16 20 55 87
4 30 85
5 34 46 73
6 38 61 66 71 89 94
7 47 65
8 1 9 50
9 15 90
10 29 32 99
11 56 72 79 100
12 39 54
13 28 49 59 63 64
14 8 35 67
15 2 19 44 76 92
16 26 37 42 52 91
17 80 88 97
18 68 93
19 18 27 75
20 10 81 84 98
21 25 57 86 95
22 43 69
23 14 62 78 83
24 6 77
25 12 53 82
26 4 22 41
27 3 31 33
28 36 40
29 17 60
30 21 96
31 7 48
32 51 70
33 11 23 24
34 5 58 74
EOF