NAME : XML100_1154_23
DIMENSION : 101
NB_CLUSTERS : 34
CLUSTERING_ALG : DBSCAN
CLUSTERING_PARAMS : eps(46), minSamples(3)
CLUSTERS
1 0
2 13 15 30 39 47 69 90
3 2 29 95
4 63 83 88 98
5 16 61 70 85
6 42 80 91
7 1 19 26 27 28 52 87
8 17 48 99
9 71 81
10 22 67 76
11 68 73 93
12 8 59 65
13 3 14 32 78
14 25 60 82
15 9 37
16 77 96
17 11 21 57 97
18 38 75
19 64 84
20 34 55
21 4 10 12 20 35 56
22 36 43
23 7 89 92
24 50 100
25 33 45
26 49 72 79
27 44 66
28 18 51
29 24 40 41
30 6 31 54
31 46 58
32 53 86
33 23 62 74
34 5 94
EOF