NAME : XML100_1164_02
DIMENSION : 101
NB_CLUSTERS : 34
CLUSTERING_ALG : KMeans
CLUSTERING_PARAMS : k(35)
CLUSTERS
1 0
2 10 28 42
3 30 60 85
4 22 38 57 88
5 52 71 87
6 63 66 68 80
7 62 96
8 3 31
9 5 21 70 73
10 8 15 18 33
11 29 39 59
12 13 94
13 14 50 58 74 76
14 12 23 49 53 77 99
15 17 34
16 35 72 100
17 32 69
18 9 45
19 1 2 95
20 51 55 78 83
21 16 56 84
22 4 92
23 40 47 79 86 91
24 25 36 44 97
25 26 46 61 81
26 43 48
27 89 90
28 27 37 67
29 11 24
30 82 93
31 6 65
32 19 20 41
33 54 98
34 7 64 75
EOF