NAME : XML100_3161_24
DIMENSION : 101
NB_CLUSTERS : 27
CLUSTERING_ALG : DBSCAN
CLUSTERING_PARAMS : eps(52), minSamples(3)
CLUSTERS
1 0
2 3 8 31 37 60 65 78 82 91
3 7 11 47 75
4 18 29 32
5 25 28 59 87
6 35 44 52 55 58
7 33 41 48 80
8 46 51 90
9 45 54 73 74 79 83
10 68 69 72 76
11 6 12 13 14 70 84
12 15 81 86 94 100
13 2 4 9 26 57 93
14 77 89 97
15 34 62 85
16 17 36 39
17 21 38
18 67 98
19 30 99
20 40 96
21 53 63 95
22 1 43 50 61
23 64 66 92
24 27 42 49 88
25 16 19 56 71
26 5 22 23
27 10 20 24
EOF