NAME : XML100_3175_02
DIMENSION : 101
NB_CLUSTERS : 30
CLUSTERING_ALG : DBSCAN
CLUSTERING_PARAMS : eps(38), minSamples(3)
CLUSTERS
1 0
2 11 41 45 59 62
3 17 18 29 50 68 75
4 7 13 19 21 76 92
5 30 32 82 83 88 91
6 78 95
7 73 89
8 25 39 65
9 2 40 90
10 4 37 44 61 97 100
11 24 51
12 9 57
13 35 52 93
14 55 80
15 15 34 70
16 20 49 69
17 16 31 33 48 56 72
18 3 14 42 43 60 81
19 5 77 84
20 6 28 94
21 10 64 66
22 8 53 99
23 23 38 46 87
24 1 67
25 71 74 85
26 22 54
27 27 47
28 26 58 96 98
29 12 63 86
30 36 79
EOF