NAME : XML100_1146_16
DIMENSION : 101
NB_CLUSTERS : 35
CLUSTERING_ALG : KMeans
CLUSTERING_PARAMS : k(39)
CLUSTERS
1 0
2 10 52 77
3 4 45 82 91 99
4 38 46 85
5 22 42
6 14 57 86
7 12 19 20 37 59
8 32 76 92
9 9 16 17 67
10 49 60 63 93
11 1 39 40 80
12 70 83
13 36 100
14 3 5 41 88
15 34 56 87
16 25 28 35 64 96
17 21 94 97 98
18 30 69 89
19 13 79
20 26 54 62
21 72 74
22 51 84
23 18 71 81
24 7 68
25 44 55 75
26 27 50 65
27 47 58
28 15 78
29 2 29 31
30 11 66 73
31 8 23
32 24 48
33 53 90
34 33 95
35 6 43 61
EOF