NAME : XML100_1176_25
DIMENSION : 101
NB_CLUSTERS : 30
CLUSTERING_ALG : DBSCAN
CLUSTERING_PARAMS : eps(31), minSamples(3)
CLUSTERS
1 0
2 4 13 14 63
3 12 34 44 57 66
4 21 43 94 99
5 24 35 38 49 86
6 8 26 71
7 41 75
8 72 83
9 1 25 65
10 27 33 47 89
11 7 55
12 15 37 52
13 17 61 70 91
14 3 42
15 22 74 87
16 2 18 40 56 67
17 11 20 53 76 82
18 79 97
19 39 58 59 60 78 100
20 54 88
21 23 28 31 64 93 95
22 6 29
23 36 68 81 85
24 16 30 96
25 5 19 62 80 92
26 48 50 90
27 69 84 98
28 10 51
29 32 45 73 77
30 9 46
EOF