NAME : XML100_1345_27
DIMENSION : 101
NB_CLUSTERS : 27
CLUSTERING_ALG : DBSCAN
CLUSTERING_PARAMS : eps(48), minSamples(3)
CLUSTERS
1 0
2 1 30 37 40 71 83
3 2 9 22 23 31 39 61 63 82 94 100
4 7 20 38 41 45 49 72 95
5 8 17 21 48 85 96
6 33 50 52 53 55 58 66 69 75 87 88
7 59 81 91
8 65 67 76 77 90 99
9 4 14 73 78
10 10 57 74 89
11 18 44
12 27 35 51
13 11 70
14 16 32 47 92
15 15 19 60
16 64 98
17 24 34
18 43 56
19 25 42
20 6 12 86
21 3 68 93
22 62 84 97
23 5 29
24 28 79
25 13 80
26 26 36
27 46 54
EOF