NAME : XML100_3344_20
DIMENSION : 101
NB_CLUSTERS : 28
CLUSTERING_ALG : DBSCAN
CLUSTERING_PARAMS : eps(22), minSamples(3)
CLUSTERS
1 0
2 9 32 33 44 54 60 65 77 87
3 14 45 84 97
4 15 34 36 67 76
5 1 5 22 31 42 63 78 83 90 91 92
6 29 48 57 88
7 24 41 96
8 18 35 37 94
9 58 74
10 8 12 20
11 3 11 28 70
12 49 50 66 71 100
13 10 16 40 55
14 19 47 73 86
15 7 25 38
16 21 51 79
17 6 72 89
18 23 27
19 4 53 80
20 52 82
21 30 68 93 99
22 61 81
23 39 59 62 75 98
24 2 46
25 13 26
26 56 64 95
27 17 69
28 43 85
EOF