NAME : XML100_1136_04
DIMENSION : 101
NB_CLUSTERS : 29
CLUSTERING_ALG : DBSCAN
CLUSTERING_PARAMS : eps(48), minSamples(3)
CLUSTERS
1 0
2 2 53 90 97
3 3 9 25 26 30 32 99
4 6 13 18 71 92
5 10 16 69 91
6 24 27 46 87
7 28 80 85
8 8 19 60 66 70
9 68 74
10 15 22 23 42
11 47 83
12 86 96
13 14 48 65
14 21 38 52 59 73
15 43 79
16 17 29 58 78
17 5 11 37 49 55 88
18 20 36 45 94
19 35 41 50 54 57
20 1 39 77 100
21 33 67 84 93
22 12 56 62
23 40 64
24 61 63
25 4 95 98
26 31 75
27 44 51 72 76 82
28 7 34
29 81 89
EOF