NAME : XML100_3155_26
DIMENSION : 101
NB_CLUSTERS : 35
CLUSTERING_ALG : KMeans
CLUSTERING_PARAMS : k(37)
CLUSTERS
1 0
2 53 85
3 38 69
4 8 58
5 2 5 36 67
6 21 26 84
7 11 23 29 46
8 61 68 96
9 59 74 82 97
10 1 39 79 86
11 14 27
12 35 95
13 30 78
14 13 32 72 98
15 56 76 89
16 15 60 73 81
17 7 44 83 99
18 24 70 93
19 12 28 77 87
20 62 94
21 19 42 51 88
22 9 17 50
23 34 37 64 90
24 54 66
25 4 33
26 18 55 71
27 3 100
28 22 25 57
29 6 40 91
30 10 48 63 75
31 31 41
32 16 47 65
33 43 49 80
34 20 45
35 52 92
EOF