NAME : XML100_3136_11
DIMENSION : 101
NB_CLUSTERS : 33
CLUSTERING_ALG : DBSCAN
CLUSTERING_PARAMS : eps(32), minSamples(3)
CLUSTERS
1 0
2 10 27 45 48
3 39 68 82
4 3 14 46 60 62 67
5 16 54 77 97
6 2 47 49 55
7 18 76 80
8 9 33
9 19 42 79
10 23 93
11 32 51 81 85
12 4 21 38 44 70 71 78
13 1 31 95
14 57 58 65 73 94
15 35 41
16 22 24
17 7 30 37 75 89
18 11 13 26
19 43 88 90
20 69 87
21 5 20 40
22 12 34
23 28 29
24 36 86
25 15 50 61 99
26 25 96
27 6 91 100
28 8 63 64
29 17 56 66
30 59 92
31 52 74 83
32 53 72
33 84 98
EOF