NAME : XML100_1174_21
DIMENSION : 101
NB_CLUSTERS : 30
CLUSTERING_ALG : DBSCAN
CLUSTERING_PARAMS : eps(38), minSamples(3)
CLUSTERS
1 0
2 14 23 36
3 1 19 25 28 38 55
4 5 6 11 12 13 15 39 41 45 63 68 81 94
5 2 7 58
6 16 77 86 90
7 71 73 85
8 22 37 54 57 100
9 26 78
10 3 35 79
11 48 76 87 92
12 60 64 69 88
13 10 70 96
14 32 93
15 20 80 97
16 46 66
17 52 91
18 29 67
19 49 74
20 33 47 65
21 21 24 40 43 53
22 30 42 75 98
23 17 50 51
24 31 82
25 59 89
26 9 62 72 95
27 18 27 44
28 56 99
29 4 61 83 84
30 8 34
EOF