NAME : XML100_2271_15
DIMENSION : 101
NB_CLUSTERS : 31
CLUSTERING_ALG : DBSCAN
CLUSTERING_PARAMS : eps(25), minSamples(3)
CLUSTERS
1 0
2 2 9 11 28 75 76
3 6 19 52 74 81 90
4 35 40 60 70 73
5 17 18 22 63 64
6 25 67
7 15 41
8 14 72 82
9 68 83 93
10 1 78 80
11 69 86 89
12 37 46
13 13 77
14 8 42 85 96 100
15 12 66
16 33 34 84
17 16 21 44 71
18 47 55
19 31 39 87
20 94 95
21 3 7 36 51 53 88 92 97
22 49 54 58 79 98
23 30 45 57 62
24 24 27 56
25 5 48
26 4 59
27 20 50
28 10 38 65
29 32 91
30 26 29 61
31 23 43 99
EOF