NAME : XML100_3162_14
DIMENSION : 101
NB_CLUSTERS : 29
CLUSTERING_ALG : DBSCAN
CLUSTERING_PARAMS : eps(50), minSamples(3)
CLUSTERS
1 0
2 6 42 53
3 14 23 29 34 44 68
4 15 31 43 55
5 3 17 32 39 45 49 57 72 83
6 13 22 62 77 80 91 98
7 30 73 96
8 7 36 37 56 88
9 10 18 47 59 74
10 50 71 81 82
11 4 24 64 66 89 92 97
12 35 93
13 8 46 90 100
14 19 20 38
15 52 67
16 26 27 28
17 5 70
18 48 58 65
19 1 11 21
20 2 9 84
21 78 87
22 33 76 86
23 12 61
24 25 63
25 41 54 99
26 75 94
27 40 79 85
28 16 51 95
29 60 69
EOF