NAME : XML100_1135_19
DIMENSION : 101
NB_CLUSTERS : 29
CLUSTERING_ALG : DBSCAN
CLUSTERING_PARAMS : eps(72), minSamples(3)
CLUSTERS
1 0
2 3 32 48 50 57 85
3 4 37 100
4 8 10 18 22 97
5 1 11 13 45 90
6 12 21 60 77 83 87 98
7 6 14 39 42 53 59 70 73
8 15 25 33 96
9 16 17 19 95
10 34 36 41 64 79
11 38 40 52 68
12 44 49 75
13 63 82 84
14 26 54 55 93 99
15 27 47
16 9 58
17 24 92
18 65 66
19 2 62 67 71 76 86 88
20 7 80
21 30 94
22 20 28
23 46 74
24 5 35
25 43 81 89
26 23 51
27 31 72
28 61 69 78 91
29 29 56
EOF