NAME : XML100_3156_21
DIMENSION : 101
NB_CLUSTERS : 29
CLUSTERING_ALG : DBSCAN
CLUSTERING_PARAMS : eps(57), minSamples(3)
CLUSTERS
1 0
2 3 6 26 76 78
3 4 24 54
4 8 13 20 25 30 65 81 91
5 10 23 70 93
6 15 34 51 77 95
7 5 9 16 62
8 21 22 32 35 37 41 52 53 56 59
9 7 27 61 92
10 38 63 74 87
11 40 72 86
12 39 45 94 96
13 2 14 36 55 99
14 42 85
15 29 75
16 57 80
17 46 79
18 64 71
19 12 31 67
20 28 90
21 17 73
22 33 47
23 1 11 18 44 68 88
24 60 89 100
25 58 69 82
26 43 48 66 98
27 49 97
28 19 83
29 50 84
EOF