NAME : XML100_3176_03
DIMENSION : 101
NB_CLUSTERS : 31
CLUSTERING_ALG : DBSCAN
CLUSTERING_PARAMS : eps(38), minSamples(3)
CLUSTERS
1 0
2 19 39 61 64 69 85 98
3 38 47 49 56 58 74 75
4 4 12 22 31 50 67 70 79 89
5 37 68 76
6 16 36 60
7 28 80 90 92
8 53 81
9 40 45
10 8 94
11 10 87
12 3 17 63
13 5 21 100
14 25 46 57 88 95
15 27 93
16 14 15 43 65 72 77
17 1 33 84
18 7 97
19 41 62 66 82
20 6 32 78
21 24 26 51 99
22 48 73
23 42 54 83
24 2 30
25 34 55 71
26 23 35 59
27 11 52
28 91 96
29 9 13
30 44 86
31 18 20 29
EOF