NAME : XML100_3132_20
DIMENSION : 101
NB_CLUSTERS : 35
CLUSTERING_ALG : DBSCAN
CLUSTERING_PARAMS : eps(35), minSamples(3)
CLUSTERS
1 0
2 5 9 44
3 21 65 66 73
4 6 10 25 30 49
5 1 48 61 78 94 100
6 11 26 36 39 52
7 46 59 69 87
8 16 62
9 27 82
10 57 96
11 34 67 80 89
12 4 14 28
13 12 68
14 13 15 17 71 85
15 40 43 99
16 50 55
17 51 70
18 19 38 56 77 95
19 23 54 83
20 41 84
21 35 64
22 18 92
23 74 75 79
24 24 33 76
25 20 37
26 2 29
27 32 42 90
28 45 72 86
29 81 91
30 53 60
31 3 22
32 88 98
33 7 47 58 97
34 8 63
35 31 93
EOF