NAME : XML100_3136_18
DIMENSION : 101
NB_CLUSTERS : 27
CLUSTERING_ALG : DBSCAN
CLUSTERING_PARAMS : eps(48), minSamples(3)
CLUSTERS
1 0
2 6 10 27 32 45 66 77 80
3 2 12 26 28 36 55 64 79 85 87 99
4 1 33 61 63 67 93
5 43 47 69 74 78 86 95
6 13 14 34 48 73 82
7 15 56 70
8 7 96 100
9 31 42 49 58 60
10 18 68
11 46 72 75 83
12 17 91
13 22 71
14 8 25 41
15 3 19 20 50
16 4 54
17 9 11 92
18 59 65
19 29 94
20 16 62 81
21 5 76
22 30 37 38 89 98
23 35 39 40 84
24 23 53 97
25 44 57 90
26 21 24 51
27 52 88
EOF