NAME : XML100_1145_07
DIMENSION : 101
NB_CLUSTERS : 29
CLUSTERING_ALG : DBSCAN
CLUSTERING_PARAMS : eps(49), minSamples(3)
CLUSTERS
1 0
2 8 11 24 40 60
3 15 33 41 68
4 6 22 28 43 59
5 9 13 21 23 44 58 79 95 98
6 10 26 39
7 31 54 93
8 32 64 70 71 72 73 74 83 88
9 1 36 66
10 53 86 96
11 17 29 67 77 84 99
12 16 57 65 75 92
13 2 34
14 37 51 76 94
15 3 30 35 61
16 19 78
17 27 47
18 25 52
19 4 48
20 46 97
21 12 18 69 81 100
22 38 89
23 49 50
24 56 80 82 91
25 62 85
26 7 14 42 63
27 5 20
28 55 87
29 45 90
EOF