NAME : XML100_3336_24
DIMENSION : 101
NB_CLUSTERS : 29
CLUSTERING_ALG : DBSCAN
CLUSTERING_PARAMS : eps(19), minSamples(3)
CLUSTERS
1 0
2 33 65 83
3 15 37 43 51 81 89 95 96 98
4 17 82 92
5 21 100
6 34 70 74
7 20 60
8 10 63 86
9 35 41
10 4 6 53 68
11 22 42 44 45 66 69 71 77
12 3 8 30
13 14 56 67
14 58 76 85
15 28 55 84 87 91
16 2 9 40 46 57 64 73 90
17 13 24
18 1 48 54
19 19 29 72 97
20 23 27 94
21 18 59
22 26 32 36 78 99
23 7 11 12 62
24 25 31 39 47 88
25 5 52
26 38 49
27 16 93
28 75 79 80
29 50 61
EOF