NAME : XML100_1366_10
DIMENSION : 101
NB_CLUSTERS : 30
CLUSTERING_ALG : DBSCAN
CLUSTERING_PARAMS : eps(21), minSamples(3)
CLUSTERS
1 0
2 4 19 29 33 69 83 94 100
3 21 44 77 80 86
4 12 16 60 66 89 90 99
5 53 73 74 93
6 26 52 61 68 84 97
7 40 45 50
8 34 62
9 51 59
10 15 20 54
11 35 36 37
12 38 42 63
13 9 22 96
14 3 13 18 64 71 81
15 58 70 75
16 17 25 31 46 56
17 24 72
18 6 8 95 98
19 11 39 55
20 5 27
21 41 43
22 1 7 32 85
23 48 49 92
24 2 67
25 65 79
26 82 91
27 14 23 57 78
28 28 76
29 30 87
30 10 47 88
EOF