NAME : XML100_1153_21
DIMENSION : 101
NB_CLUSTERS : 35
CLUSTERING_ALG : DBSCAN
CLUSTERING_PARAMS : eps(44), minSamples(3)
CLUSTERS
1 0
2 7 18 86 95
3 34 36 59 73 94
4 37 80 83 92
5 42 56 72 79 90
6 43 48 96
7 38 54 65 81 82 98
8 25 31
9 13 26 51
10 41 85
11 32 75 84
12 71 87
13 44 58 69
14 11 21 35 47
15 27 46
16 23 78
17 8 50
18 20 49 62 63
19 30 91
20 12 55 70
21 57 76
22 40 67 97
23 19 61 93 99
24 2 60
25 6 28 33 53 88
26 16 29 66
27 9 52
28 14 39 100
29 64 74
30 3 4
31 45 68
32 5 17
33 1 10
34 15 77 89
35 22 24
EOF