NAME : XML100_3153_26
DIMENSION : 101
NB_CLUSTERS : 31
CLUSTERING_ALG : DBSCAN
CLUSTERING_PARAMS : eps(44), minSamples(3)
CLUSTERS
1 0
2 3 4 24 25 30 42 47 76
3 34 37 64
4 8 39 57
5 40 52 55 77
6 23 44 51 71 87 96
7 58 85 94
8 1 90
9 50 63
10 36 83
11 88 93
12 2 15 98
13 5 19 28 41 56 70 74
14 27 54 100
15 6 11 53
16 26 29 45 80 99
17 48 59 89
18 86 95
19 62 69 82
20 22 35 43
21 9 68 78
22 10 32 33 46
23 65 66
24 84 92
25 21 79 91 97
26 7 16 72 75
27 12 49 67 73
28 13 14 17
29 31 60
30 38 81
31 18 20 61
EOF