NAME : XML100_3132_11
DIMENSION : 101
NB_CLUSTERS : 28
CLUSTERING_ALG : DBSCAN
CLUSTERING_PARAMS : eps(49), minSamples(3)
CLUSTERS
1 0
2 4 23 82 97
3 5 75 78 80 89
4 6 20 58 61
5 12 39 46
6 11 17 48 63
7 21 25 31 41 42 44 49 52 55 56 74 99
8 22 47 51 73
9 33 36 37 45 71 98
10 1 7 54 57 67 72 83
11 2 3 8 88 94
12 35 40 64
13 15 59 93
14 32 86 95 100
15 19 43 50 77 92
16 28 38
17 13 53 65 85
18 79 81 87
19 69 84
20 18 26 62
21 29 91
22 60 96
23 30 68
24 10 16
25 24 90
26 9 66
27 14 34 76
28 27 70
EOF