NAME : XML100_2345_09
DIMENSION : 101
NB_CLUSTERS : 27
CLUSTERING_ALG : DBSCAN
CLUSTERING_PARAMS : eps(28), minSamples(3)
CLUSTERS
1 0
2 6 20 36 40 58 60 72 73 78 92 97
3 11 59 70 74
4 16 25 35 39 42 61 76 83 89 91 96
5 14 48 64 71 87
6 5 22 37 44 63 88
7 4 33 41 51
8 50 69 79
9 1 12
10 32 53 77 80
11 10 52 65 99
12 18 21 93
13 29 46 54 55 86
14 2 19 66
15 23 34 45 49 95 98 100
16 15 75
17 3 27 28 31
18 7 30 68
19 62 94
20 13 43
21 8 17 67
22 56 57
23 47 81
24 26 38
25 85 90
26 24 84
27 9 82
EOF