NAME : XML100_3363_02
DIMENSION : 101
NB_CLUSTERS : 28
CLUSTERING_ALG : DBSCAN
CLUSTERING_PARAMS : eps(20), minSamples(3)
CLUSTERS
1 0
2 6 10 35 74 82
3 14 26 53 60 62 64 69 84 88 95
4 32 76 92
5 3 20 40 46 71
6 4 61 77 85 94
7 50 67 89
8 1 11 58
9 7 24 27 31 66 72 81
10 5 87
11 54 99
12 28 90
13 37 98
14 22 39 56 78 79
15 41 43 44 57 70
16 16 55 63 65 86 93
17 25 30 45 49
18 29 42 68
19 12 100
20 34 51
21 8 19 33 80 83
22 36 75 91 96
23 9 59
24 21 23 38 52
25 13 73 97
26 2 15
27 17 48
28 18 47
EOF