NAME : XML100_3126_11
DIMENSION : 101
NB_CLUSTERS : 33
CLUSTERING_ALG : KMeans
CLUSTERING_PARAMS : k(35)
CLUSTERS
1 0
2 41 91
3 10 16 31 64
4 32 37 51 58 61 79
5 34 45 49
6 15 39 66 80
7 20 28 56 100
8 73 88
9 17 46 57
10 3 35 38 55 59 62
11 42 72
12 7 13 47
13 24 86
14 4 14 19 21 22 83
15 26 77
16 9 76 90
17 40 60
18 12 27 78 93 98
19 50 71
20 1 8 25 84
21 2 5 6 67 97
22 18 52 94
23 48 68 92
24 44 63
25 82 87
26 81 85 95
27 70 99
28 36 89
29 11 43 74
30 29 75 96
31 30 54
32 65 69
33 23 33 53
EOF