NAME : XML100_3156_17
DIMENSION : 101
NB_CLUSTERS : 33
CLUSTERING_ALG : KMeans
CLUSTERING_PARAMS : k(34)
CLUSTERS
1 0
2 42 45
3 18 76 85 98
4 8 28 82
5 9 21 81
6 47 87 92
7 5 6 35 54 63 77
8 15 16 26 31 86 95
9 3 68 75
10 7 32 36 37 83
11 2 17 51 88
12 34 39
13 13 90 97
14 11 27 55 61
15 20 50 73
16 12 59 64 71 94
17 40 57
18 66 91
19 25 52 56 65
20 69 72 84
21 58 74
22 24 96
23 19 67
24 46 62 100
25 22 53
26 23 33 79
27 43 93
28 4 44
29 29 41 49 78
30 14 89
31 30 38 48
32 60 70 80 99
33 1 10
EOF