NAME : XML100_3156_01
DIMENSION : 101
NB_CLUSTERS : 31
CLUSTERING_ALG : DBSCAN
CLUSTERING_PARAMS : eps(35), minSamples(3)
CLUSTERS
1 0
2 12 61 86
3 15 32 45 97
4 3 11 19 36 50 80 96 100
5 8 17 37 48 52 60 64 82
6 2 29 56 69 75
7 24 30 55 99
8 27 31 87
9 53 57 93
10 4 9 22 40 79
11 18 23 26 44
12 7 62 67 88
13 43 89
14 5 39
15 21 65 72
16 6 16
17 77 92
18 10 74
19 38 42 49 76 85 95
20 34 71
21 28 47 70 98
22 13 41
23 90 94
24 35 46 63 73
25 83 91
26 51 84
27 14 58 59
28 78 81
29 1 66 68
30 20 33
31 25 54
EOF