NAME : XML100_1166_06
DIMENSION : 101
NB_CLUSTERS : 27
CLUSTERING_ALG : DBSCAN
CLUSTERING_PARAMS : eps(66), minSamples(3)
CLUSTERS
1 0
2 3 32 35 49 53 82
3 4 30 98 99
4 6 11 42 50 52 94
5 7 18 21 27 66 71 81 96
6 14 17 34 43 51 61 68
7 13 15 33 75 100
8 23 55 74
9 20 24 40 78
10 28 31 36 92 95
11 12 46 70 85
12 8 54 56 76 77
13 5 45 73 80 84 90
14 48 79
15 44 47 97
16 16 19 37
17 1 22 59 65 86
18 9 83
19 29 39
20 2 10 69
21 26 67
22 25 57
23 41 91
24 38 93
25 62 88
26 58 60 72 89
27 63 64 87
EOF