NAME : XML100_2335_10
DIMENSION : 101
NB_CLUSTERS : 31
CLUSTERING_ALG : DBSCAN
CLUSTERING_PARAMS : eps(27), minSamples(3)
CLUSTERS
1 0
2 12 18 77
3 28 52 84 87 89 100
4 7 29 31 42 92
5 47 70
6 2 21 37
7 34 82 83
8 20 40 60 74 78 97
9 58 66 90
10 46 59
11 32 53 61 98 99
12 26 38 81 86 91
13 8 16 48 69
14 71 96
15 56 65 67 68 72
16 11 63
17 51 73
18 45 49
19 64 80 93
20 14 43 75
21 6 13 22 27 41 94
22 19 54 95
23 4 88
24 35 50
25 17 33 36
26 3 5 9 57
27 10 44 55
28 30 85
29 1 15 39
30 76 79
31 23 24 25 62
EOF