NAME : XML100_1116_15
DIMENSION : 101
NB_CLUSTERS : 27
CLUSTERING_ALG : DBSCAN
CLUSTERING_PARAMS : eps(72), minSamples(3)
CLUSTERS
1 0
2 2 14 80
3 1 4 11 39 72 88
4 6 34 53 91
5 10 12 35 62 66 94
6 13 18 41 49 52 60 73
7 16 23 93 100
8 19 26 33 50 99
9 24 36 38 54 85 87 89 96
10 15 30 31 44 55 65 75
11 56 83 95
12 67 69 71 78
13 8 20 32 68 98
14 40 82
15 46 97
16 3 17 42
17 9 51 63 77
18 28 70
19 57 86
20 7 21 74 81
21 25 59
22 27 43 47 90
23 5 45
24 76 84
25 22 37 61
26 29 58
27 48 64 79 92
EOF