NAME : XML100_3342_24
DIMENSION : 101
NB_CLUSTERS : 32
CLUSTERING_ALG : DBSCAN
CLUSTERING_PARAMS : eps(31), minSamples(3)
CLUSTERS
1 0
2 4 13 14 19 96
3 22 70 91
4 38 71 93 95
5 5 6 24 41 49 51 57 63 64 68 75 86
6 1 43 73
7 47 48 50
8 39 53
9 25 46 92
10 34 69
11 55 61
12 8 58 81
13 18 40
14 15 44 67 72 97
15 2 3 33 56 85 88 94
16 20 32
17 10 54 82
18 17 45 77 80
19 23 29 60
20 16 35 100
21 12 52 98
22 26 30 65
23 62 78
24 9 36
25 37 79
26 59 99
27 7 27 74 84
28 76 83
29 42 87
30 89 90
31 11 28 31
32 21 66
EOF