NAME : XML100_3135_26
DIMENSION : 101
NB_CLUSTERS : 35
CLUSTERING_ALG : DBSCAN
CLUSTERING_PARAMS : eps(38), minSamples(3)
CLUSTERS
1 0
2 4 46 51 81
3 6 12 40 72 76 88 98
4 18 33 47 53 63 66
5 48 57 62
6 14 30 41 50 54
7 70 87 92
8 3 94
9 17 34 42 79
10 71 97
11 36 77
12 37 44 64
13 24 82
14 49 68 78
15 52 84 85
16 31 86 99
17 58 83
18 74 90 91
19 65 69 96
20 15 39 45 80
21 7 9 32 59
22 10 20
23 1 95
24 11 73
25 5 60
26 19 22 67
27 8 25 29
28 16 21 26 75
29 55 56
30 2 61
31 28 89
32 13 93
33 23 35
34 43 100
35 27 38
EOF