NAME : XML100_1141_09
DIMENSION : 101
NB_CLUSTERS : 28
CLUSTERING_ALG : DBSCAN
CLUSTERING_PARAMS : eps(55), minSamples(3)
CLUSTERS
1 0
2 2 12 86
3 3 44 66 82
4 5 25 30 43 97
5 6 68 91
6 10 65 69 99
7 11 19 26 63 85
8 13 14 29 39 51 64
9 28 41 60 93
10 31 33 38 47 54 88 89 96
11 71 73 75 80 84
12 22 49 57 74 90
13 53 81 94
14 23 24 95
15 76 92
16 4 7 67 72 87
17 27 34 52 62
18 17 59
19 8 21 35 36
20 18 42 70 78
21 16 20
22 15 32 48 58
23 9 61
24 46 79 98
25 37 100
26 55 83
27 1 45 50 56
28 40 77
EOF