NAME : XML100_1146_12
DIMENSION : 101
NB_CLUSTERS : 28
CLUSTERING_ALG : DBSCAN
CLUSTERING_PARAMS : eps(72), minSamples(3)
CLUSTERS
1 0
2 4 25 30 42 55 56 60 76 79
3 6 94 95 100
4 7 8 11 54 82
5 10 17 64 66
6 12 45 61 70 99
7 19 92 96
8 15 22 47
9 14 23 24 28 62 75 97
10 29 31 34 49 59
11 32 50 87
12 48 52 78
13 21 38 57 58 63 65 77 84 90
14 68 88 93
15 36 51 81 91
16 80 89
17 13 46 98
18 20 44 71
19 40 85
20 33 39 67
21 27 43
22 35 72 73
23 9 16
24 1 26 86
25 18 69
26 37 41 53
27 2 3
28 5 74 83
EOF