NAME : XML100_3362_19
DIMENSION : 101
NB_CLUSTERS : 30
CLUSTERING_ALG : DBSCAN
CLUSTERING_PARAMS : eps(36), minSamples(3)
CLUSTERS
1 0
2 3 8 11 24 41 42 65 78 85
3 4 17 28 34 35 56 63 75 83 89 98 99
4 10 40 48 60 61 73 80
5 13 22 31 38 71 92
6 29 55 76
7 6 7 68 97
8 33 87
9 9 25 64
10 47 81
11 20 72 77 79
12 15 82
13 14 74 90
14 5 39
15 1 44 50 88
16 46 69 84
17 30 32 43
18 52 94
19 26 37 59
20 12 57
21 21 93
22 19 45 67
23 18 36
24 2 96
25 16 23 27 100
26 62 86
27 58 66
28 54 70 91
29 49 51
30 53 95
EOF