NAME : XML100_3153_15
DIMENSION : 101
NB_CLUSTERS : 30
CLUSTERING_ALG : DBSCAN
CLUSTERING_PARAMS : eps(28), minSamples(3)
CLUSTERS
1 0
2 17 22 31 41 81
3 21 27 61
4 58 72 91
5 35 38 46 49 66 68 89 97
6 12 63 92 93
7 33 39 98
8 29 95
9 44 57 87 90
10 40 79 100
11 20 25 50
12 10 94
13 2 8 23 74
14 3 47 71 77 83 96
15 37 56 88
16 6 19 59 84
17 5 16 28 36
18 13 24 42 99
19 18 78 86
20 26 30 55 67 85
21 7 32 51
22 11 48 54
23 64 73 75 80
24 1 53
25 43 65 82
26 34 70
27 4 9 15 52
28 14 62
29 69 76
30 45 60
EOF