NAME : XML100_1174_04
DIMENSION : 101
NB_CLUSTERS : 33
CLUSTERING_ALG : KMeans
CLUSTERING_PARAMS : k(49)
CLUSTERS
1 0
2 13 94
3 11 16 28 30
4 18 72 91
5 32 42
6 20 22 24 53 98
7 9 57 88
8 58 60 67
9 61 62 64
10 35 36 81
11 4 6 33 38
12 3 41 50 93
13 31 78
14 63 92
15 7 17 21 45
16 44 96
17 2 8 49 87
18 56 82 89
19 59 73 85
20 14 70
21 43 97
22 15 74
23 27 40 77 84
24 76 99
25 1 23 34 55 86
26 29 47 69
27 5 26 79
28 39 71 80 83
29 10 66
30 75 90
31 46 68 95
32 48 54 65 100
33 12 19 25 37 51 52
EOF