NAME : XML100_2175_25
DIMENSION : 101
NB_CLUSTERS : 35
CLUSTERING_ALG : DBSCAN
CLUSTERING_PARAMS : eps(64), minSamples(3)
CLUSTERS
1 0
2 3 34 36 56
3 6 13 30 47 100
4 8 15 22 24 32 58
5 10 38 55
6 17 19 21 64
7 33 59 96
8 43 72 90
9 37 57 71 77
10 12 20 74 78 83 84 88
11 28 41 53
12 7 9
13 50 63 87
14 16 39
15 31 67 85
16 60 79
17 52 69
18 51 82
19 2 40 65
20 44 91 99
21 23 45 81
22 18 54
23 42 73 97
24 66 75 86
25 35 95
26 14 80
27 5 70 76
28 11 25 68
29 62 93
30 46 92
31 4 49
32 1 89
33 27 61 98
34 26 48
35 29 94
EOF