NAME : XML100_1364_25
DIMENSION : 101
NB_CLUSTERS : 32
CLUSTERING_ALG : DBSCAN
CLUSTERING_PARAMS : eps(23), minSamples(3)
CLUSTERS
1 0
2 14 15 56
3 28 30 38 48 53 59 88
4 78 87
5 39 51
6 9 54 65 74 76 90 95
7 8 21 24 70
8 10 12
9 13 26 44 94
10 42 47 84
11 6 37 97
12 57 63
13 19 49 67
14 40 55 81 96
15 23 60 62 79 85
16 27 43 86
17 80 98
18 3 11
19 69 83 93
20 32 72
21 36 58 64 66
22 89 100
23 7 18 45 52 73
24 33 41 82
25 17 20 22 35 71
26 25 46 68
27 91 99
28 5 16 34
29 1 31
30 61 75 77
31 2 4 29
32 50 92
EOF