NAME : XML100_1142_17
DIMENSION : 101
NB_CLUSTERS : 27
CLUSTERING_ALG : DBSCAN
CLUSTERING_PARAMS : eps(38), minSamples(3)
CLUSTERS
1 0
2 20 33 38 60 62 95
3 16 19 46 53 57 67 81 89 90
4 83 99
5 4 18 30 47 51 92
6 41 93 96
7 10 64 97
8 49 63 77 80
9 1 5 65 66
10 29 36 42 54 61 70
11 28 58
12 39 43 69 91
13 3 98
14 14 72 84 86
15 21 23
16 9 13 31 35 68
17 15 26 73
18 37 56 78
19 6 12
20 8 22 34 74
21 2 59 76 88
22 45 52 55 71 82
23 25 32 40 87
24 7 11 24 75 79 100
25 17 27
26 48 50 85
27 44 94
EOF