NAME : XML100_3374_01
DIMENSION : 101
NB_CLUSTERS : 28
CLUSTERING_ALG : DBSCAN
CLUSTERING_PARAMS : eps(44), minSamples(3)
CLUSTERS
1 0
2 2 35 46
3 6 22 33 43 61 87
4 13 25 29 30 47 70 75 76 89
5 16 58 95
6 27 39 45 49 56 78 91
7 4 31 37 50 65 73 82
8 40 63 64 72 96
9 62 68 79 85
10 9 21 44 59 80 86 88
11 7 57
12 5 28 94
13 74 92
14 11 20 93
15 54 98
16 60 97
17 53 69 71 99
18 32 41
19 66 83
20 1 3 10 15 42 90
21 14 38
22 8 19 26 77
23 24 34 67 81
24 36 52
25 17 100
26 12 18
27 55 84
28 23 48 51
EOF