NAME : XML100_2156_19
DIMENSION : 101
NB_CLUSTERS : 27
CLUSTERING_ALG : DBSCAN
CLUSTERING_PARAMS : eps(68), minSamples(3)
CLUSTERS
1 0
2 4 21 26 46 51 56
3 5 30 50
4 7 22 87
5 10 29 45 54 83 88 94
6 14 43 74
7 15 16 85
8 20 28 32 40 61 86
9 17 23 53 63
10 19 24 33 37 84 93
11 35 39 48 64 70
12 9 42 66 92 96
13 27 52 65 73 91 95
14 49 79 98
15 1 6 11 12 18 72 82 89
16 25 34 58 78
17 31 71
18 2 55 69
19 13 68 90
20 67 80
21 60 76 81 100
22 41 59
23 3 77
24 38 57 97
25 44 47
26 36 62
27 8 75 99
EOF