NAME : XML100_3153_14
DIMENSION : 101
NB_CLUSTERS : 34
CLUSTERING_ALG : DBSCAN
CLUSTERING_PARAMS : eps(48), minSamples(3)
CLUSTERS
1 0
2 22 43 54 64 80 92
3 11 40 41 50 52 53 55 84 99
4 10 27 71 79 89
5 25 28
6 2 75 96
7 48 49
8 4 5 65 82
9 78 86
10 3 34 51
11 23 66
12 17 20 38 62
13 30 57
14 16 18 61
15 21 69 77 88
16 42 63 70 98
17 36 81
18 47 74
19 1 29
20 6 60 100
21 12 94
22 7 8 44
23 56 58 93
24 13 15 76
25 37 97
26 39 90
27 24 91
28 32 33 45
29 35 83
30 19 46 67 72
31 31 68
32 9 87
33 26 95
34 14 59 73 85
EOF