NAME : XML100_1126_06
DIMENSION : 101
NB_CLUSTERS : 33
CLUSTERING_ALG : DBSCAN
CLUSTERING_PARAMS : eps(44), minSamples(3)
CLUSTERS
1 0
2 6 9 26 59
3 7 57 89
4 16 17 60 73 78
5 2 19 46 72
6 10 50 51 53 63 77 87 99
7 13 24 81
8 31 35 52 56 67 75 93
9 1 49 88
10 38 100
11 64 82
12 45 97
13 39 84
14 8 33 36 43 65 68
15 40 44 62
16 28 79 92
17 12 32 94
18 34 80 96
19 15 21
20 58 95
21 41 48 71
22 11 23
23 18 27
24 4 54
25 29 98
26 3 5 25 69 83
27 22 74 85
28 20 37 42 86
29 90 91
30 14 61
31 30 66
32 70 76
33 47 55
EOF