NAME : XML100_3162_10
DIMENSION : 101
NB_CLUSTERS : 33
CLUSTERING_ALG : DBSCAN
CLUSTERING_PARAMS : eps(36), minSamples(3)
CLUSTERS
1 0
2 30 58 63 97
3 23 61 89
4 14 19 31 36 56 57 64 77 81 91
5 16 20 52
6 9 59 85
7 28 45 80
8 62 92
9 15 42 75 100
10 39 46
11 22 86
12 33 71
13 32 93
14 5 53
15 38 43 50 87
16 65 66
17 95 99
18 4 26
19 29 35 54 79
20 25 76
21 8 73 82
22 10 21 34 48 88
23 44 47 49 51 69 78 84
24 7 18
25 40 70
26 13 60 90
27 17 37
28 41 74 98
29 3 55 94
30 2 24
31 1 12 68 72
32 6 11 67 83
33 27 96
EOF