NAME : XML100_1173_18
DIMENSION : 101
NB_CLUSTERS : 30
CLUSTERING_ALG : DBSCAN
CLUSTERING_PARAMS : eps(64), minSamples(3)
CLUSTERS
1 0
2 2 62 89 91
3 6 19 57 92
4 7 11 12 17 21 33 60 78 90
5 16 24 28 72 85
6 20 48 73 81
7 22 31 38
8 25 35 69 76 87 95
9 39 42 83
10 15 26 44 58 71 74
11 3 37 55 63 86 97
12 50 54 93
13 10 46 100
14 14 49
15 13 99
16 5 70 96
17 36 41
18 1 4
19 30 82
20 61 68
21 52 56 80
22 8 47 53 77
23 59 64 67 75
24 32 79
25 65 94
26 9 18 88
27 66 84 98
28 29 40 45
29 23 27
30 34 43 51
EOF