NAME : XML100_1132_16
DIMENSION : 101
NB_CLUSTERS : 29
CLUSTERING_ALG : DBSCAN
CLUSTERING_PARAMS : eps(42), minSamples(3)
CLUSTERS
1 0
2 18 25 30
3 6 11 36 42 70
4 50 78 88 97
5 22 35 37 56 71 77 94
6 2 13 53 72 74 93
7 1 3 16 21 67 69
8 28 68 85 100
9 39 54 55 73 81
10 44 57
11 5 27 29 89 99
12 4 15 58 64 83
13 8 20
14 9 17
15 12 48 87
16 34 49 80 86 91 96
17 46 47 75
18 31 61 65 76
19 10 43 52
20 7 95
21 90 98
22 62 82
23 19 32 92
24 40 63 84
25 45 51
26 23 33 60 66
27 24 41 79
28 14 26
29 38 59
EOF