NAME : XML100_1164_22
DIMENSION : 101
NB_CLUSTERS : 29
CLUSTERING_ALG : DBSCAN
CLUSTERING_PARAMS : eps(55), minSamples(3)
CLUSTERS
1 0
2 9 31 37 74 97
3 10 39 88
4 15 21 41 96
5 16 72 73 95
6 17 18 48 78
7 7 30 53 79 99 100
8 32 86 92 93
9 11 25 35 36 42 55 63 87 94
10 6 8 34 50 71
11 38 76 81 83
12 29 46 61 65 82 89
13 28 49 56
14 14 26
15 45 67
16 12 90
17 13 47 57 60
18 69 98
19 2 24 62 77
20 75 84 91
21 3 19 23 27
22 43 68
23 20 85
24 33 52 59
25 51 58 80
26 1 22 64
27 40 66 70
28 4 5
29 44 54
EOF