NAME : XML100_1353_19
DIMENSION : 101
NB_CLUSTERS : 33
CLUSTERING_ALG : DBSCAN
CLUSTERING_PARAMS : eps(35), minSamples(3)
CLUSTERS
1 0
2 2 8 9 51 60
3 18 49 80 82
4 15 23 35 41 68
5 33 53 73 87
6 31 36 44 54 62 94
7 30 66 92 93
8 56 58 69 84 100
9 17 63 97
10 26 39
11 25 61 83
12 1 5 28 75 78
13 45 86 88
14 57 81
15 20 95
16 32 79
17 4 96
18 7 16 64
19 13 34 85
20 21 42
21 3 6 19
22 43 48
23 22 71
24 24 59 98
25 12 74 99
26 52 70 77
27 40 76
28 27 55 67 89
29 29 46 90
30 10 50
31 14 38
32 11 72
33 37 47 65 91
EOF