NAME : XML100_3153_26
DIMENSION : 101
NB_CLUSTERS : 34
CLUSTERING_ALG : KMeans
CLUSTERING_PARAMS : k(49)
CLUSTERS
1 0
2 40 52 55 77
3 1 90
4 9 68 78
5 10 32 33 46
6 62 69 82
7 24 25 30 47 76
8 6 11 53
9 48 59 89
10 5 28
11 65 66
12 58 85 94
13 23 44 51
14 12 49 67 73
15 8 39 57
16 86 95
17 26 29 45 80 99
18 56 71 87 96
19 38 81
20 50 63
21 18 20 61
22 2 15 98
23 22 35 43
24 88 93
25 31 60
26 84 92
27 19 41 70 74
28 3 4 42
29 27 54 100
30 21 79 91 97
31 34 37 64
32 36 83
33 7 16 72 75
34 13 14 17
EOF