NAME : XML100_3172_05
DIMENSION : 101
NB_CLUSTERS : 30
CLUSTERING_ALG : DBSCAN
CLUSTERING_PARAMS : eps(69), minSamples(3)
CLUSTERS
1 0
2 3 10 20 71 85 99
3 4 39 41 56 67 70 81 97
4 11 22 31 33 43 78
5 7 26 91
6 15 17 23 30 94
7 37 54 73 75 86
8 40 69 79 82 98
9 47 68 88
10 53 55 83 87
11 18 27 59 64 77
12 76 80
13 5 6 44 49
14 35 51
15 16 25 36 72
16 84 95
17 13 24
18 45 62
19 9 28 89
20 12 19
21 29 96
22 2 32 48 93 100
23 21 38 61 92
24 57 60
25 14 65
26 34 50 63
27 1 58
28 52 66 90
29 42 46
30 8 74
EOF