NAME : XML100_1223_01
DIMENSION : 101
NB_CLUSTERS : 27
CLUSTERING_ALG : DBSCAN
CLUSTERING_PARAMS : eps(17), minSamples(3)
CLUSTERS
1 0
2 1 7 41 46 59 78 81 93
3 4 8 30 33 54 90 95
4 5 9 44 47 64 74 76 84
5 18 26 32 39 42 52 56 73 86 92
6 12 40 77
7 2 25 38
8 15 96 97
9 49 83 100
10 36 43 82
11 37 98
12 3 28 72 99
13 6 22 62 67
14 23 27 34 61
15 19 69 88
16 11 60 79
17 24 68
18 20 21 70 80
19 29 31 51 75 91
20 13 14 50 85 89
21 55 65 71
22 10 87
23 45 94
24 16 63
25 57 58
26 17 48 66
27 35 53
EOF