NAME : XML100_3142_18
DIMENSION : 101
NB_CLUSTERS : 34
CLUSTERING_ALG : DBSCAN
CLUSTERING_PARAMS : eps(46), minSamples(3)
CLUSTERS
1 0
2 3 29 80 93
3 1 7 13 98
4 18 20 26 27 55 89
5 5 11 15 31 37 47 48 65 72 100
6 16 28 45 68 78
7 9 49
8 33 35 66 70 81 85
9 21 62
10 19 23 64 71
11 58 94
12 40 60
13 12 39
14 34 84
15 41 59 97
16 2 42 61
17 8 44 50
18 30 79 88
19 36 54 87
20 32 56 83
21 57 67 99
22 6 24
23 76 82 95
24 14 92
25 10 63
26 4 53
27 22 77
28 74 90
29 25 86
30 17 43 91
31 69 96
32 46 75
33 52 73
34 38 51
EOF