NAME : XML100_3133_10
DIMENSION : 101
NB_CLUSTERS : 29
CLUSTERING_ALG : DBSCAN
CLUSTERING_PARAMS : eps(61), minSamples(3)
CLUSTERS
1 0
2 4 88 94
3 5 20 23 46 52
4 11 40 45 55 72
5 2 19 36 58 78
6 26 81 85 87 96 99
7 21 30 44 53 82 92
8 6 12 31 48 68 93
9 10 37 60 83
10 16 38 41 80
11 43 47 62 97
12 9 49 51 66 69 76
13 1 29 64
14 73 84
15 8 67
16 39 74
17 13 15 63
18 17 33 57 95
19 14 70 71 98
20 56 86
21 3 91
22 35 75
23 34 54 61 100
24 24 28 90
25 25 42 77
26 18 32 59
27 7 22 89
28 50 65
29 27 79
EOF