NAME : XML100_1142_01
DIMENSION : 101
NB_CLUSTERS : 33
CLUSTERING_ALG : KMeans
CLUSTERING_PARAMS : k(36)
CLUSTERS
1 0
2 23 25 27 47
3 7 32 44 45 69 93 95 96
4 56 80
5 29 75 81 82
6 4 9 48
7 39 86
8 5 21 52 60 67
9 2 13
10 18 37 76
11 63 92 99
12 6 8 72 78
13 26 40
14 42 77 90
15 11 17 41 83 91
16 20 33 51 100
17 55 85
18 31 58 70
19 24 61 88
20 12 22 30
21 16 38 57
22 50 68 74
23 10 36 66 79
24 43 49
25 14 28 87
26 3 73 98
27 46 59 89
28 35 84
29 19 64
30 15 53 97
31 65 71
32 1 54 94
33 34 62
EOF