NAME : XML100_1365_18
DIMENSION : 101
NB_CLUSTERS : 32
CLUSTERING_ALG : DBSCAN
CLUSTERING_PARAMS : eps(34), minSamples(3)
CLUSTERS
1 0
2 14 39 45 49 53 54 59
3 2 24 34 52
4 57 74 84
5 7 11 60 65 69
6 68 83 94 98
7 17 66 80
8 33 78 89 93
9 44 62
10 18 61 99
11 12 46 81
12 77 90
13 31 37 41
14 43 51 72 86 91
15 21 63
16 23 67 73
17 92 100
18 5 8 28 50
19 27 36 40 58
20 15 30 95
21 4 56
22 6 70
23 1 25 26 29 35 76
24 32 55 82 96
25 9 13 20 38 85
26 19 97
27 47 87
28 16 48
29 3 10
30 71 79
31 42 64 75
32 22 88
EOF