NAME : XML100_1174_04
DIMENSION : 101
NB_CLUSTERS : 32
CLUSTERING_ALG : DBSCAN
CLUSTERING_PARAMS : eps(27), minSamples(3)
CLUSTERS
1 0
2 20 22 24 53 98
3 5 26 61 62 64 79
4 1 34 86
5 3 41 50 93
6 29 47 69
7 18 91
8 48 54 65 100
9 9 57 88
10 2 8 49 87
11 59 73 85
12 7 17 21 45
13 76 99
14 11 16 28 30
15 14 70 72 75 90
16 10 66
17 32 42
18 35 36 81
19 46 68 95
20 23 55
21 58 60 67
22 27 40 77 84
23 12 19 25 37 51 52
24 13 94
25 63 92
26 56 82 89
27 39 71 80 83
28 44 96
29 15 74
30 31 78
31 43 97
32 4 6 33 38
EOF