NAME : XML100_3163_22
DIMENSION : 101
NB_CLUSTERS : 30
CLUSTERING_ALG : DBSCAN
CLUSTERING_PARAMS : eps(30), minSamples(3)
CLUSTERS
1 0
2 5 23 85
3 6 38 48 65 93
4 7 49
5 3 72
6 27 55 61 76 88
7 4 10 14 34 46 50 79
8 20 30 42 47 71 84
9 17 39 100
10 43 89
11 1 9 13 21
12 35 56 62 97
13 74 75 82
14 31 80
15 8 19 28 59
16 15 22 58 95
17 36 60
18 24 53 91 94 99
19 32 41 57 67 78
20 33 68 77 87
21 29 52 54 70 73
22 11 37 40 66
23 18 26
24 12 81 90
25 16 25
26 63 69 83
27 45 92 96
28 2 98
29 51 86
30 44 64
EOF