NAME : XML100_2173_19
DIMENSION : 101
NB_CLUSTERS : 30
CLUSTERING_ALG : DBSCAN
CLUSTERING_PARAMS : eps(53), minSamples(3)
CLUSTERS
1 0
2 3 51 63 66
3 5 13 40 83 91
4 22 24 36 48 56 78 84 93 94
5 6 31 44 87
6 32 71 100
7 35 72 76 90
8 54 59 75
9 9 12 19 68 96
10 41 80
11 11 60
12 2 18 25 27 74 95
13 1 61 79
14 8 21 86
15 7 43 70 92
16 26 77 97
17 16 47 55
18 30 65 89
19 23 39 42 58
20 45 46 64
21 53 81 85
22 29 34 50 57 88
23 4 33 69
24 20 37 98
25 49 62
26 17 52 73
27 28 67
28 10 99
29 14 38
30 15 82
EOF