NAME : XML100_1166_11
DIMENSION : 101
NB_CLUSTERS : 29
CLUSTERING_ALG : DBSCAN
CLUSTERING_PARAMS : eps(62), minSamples(3)
CLUSTERS
1 0
2 3 9 51 52
3 7 35 46
4 10 14 15 17 28 54 76 77
5 12 25 29 69 72
6 13 86 96
7 18 62 87 99
8 23 39 60 78
9 1 24 44 67 84
10 55 61 70
11 31 73 81 93
12 4 27 38 42 79 80 88 94 97 100
13 20 65
14 56 59 91
15 21 89
16 5 26 68
17 19 49 71 98
18 8 33 53
19 22 57 74 82
20 11 16 43 90
21 6 48
22 30 75
23 45 85
24 50 83
25 37 63 95
26 2 32 34
27 40 41 47
28 58 64
29 36 66 92
EOF