NAME : XML100_3162_23
DIMENSION : 101
NB_CLUSTERS : 27
CLUSTERING_ALG : DBSCAN
CLUSTERING_PARAMS : eps(61), minSamples(3)
CLUSTERS
1 0
2 1 3 11 53 95
3 5 27 29 42 48 58 96 100
4 13 14 49 59 66
5 25 52 86
6 28 45 62 63 93
7 4 23 38 54 61 91 94
8 30 47 65 68 72 79 82 87
9 10 60 64 67
10 16 57 71 80
11 46 51 73 85 92
12 17 35 88
13 19 22
14 2 12 34 74
15 9 41 44 90
16 6 75
17 31 43 50
18 55 89
19 21 26
20 20 33 56 97
21 15 37 40 76 81
22 7 83
23 32 36
24 39 84 99
25 18 70 77
26 24 78
27 8 69 98
EOF