NAME : XML100_1133_14
DIMENSION : 101
NB_CLUSTERS : 28
CLUSTERING_ALG : DBSCAN
CLUSTERING_PARAMS : eps(32), minSamples(3)
CLUSTERS
1 0
2 12 14 40 57 85
3 17 18 60 82 86 94 99
4 26 72
5 44 77 91
6 11 21 52
7 31 36 48 56 67 84 96
8 2 10 42 61 68 73
9 3 5 53 76
10 7 19 35 38 70
11 88 90
12 37 45 81 97
13 27 65 87 100
14 16 20 29 83
15 33 34 95
16 74 98
17 71 92
18 6 25 49
19 9 75
20 41 63 78
21 24 39 47 59 89
22 1 23 54 55
23 30 32 51 79
24 15 28 69
25 8 22 43 58 62
26 13 50 93
27 46 66 80
28 4 64
EOF