NAME : XML100_3176_12
DIMENSION : 101
NB_CLUSTERS : 33
CLUSTERING_ALG : DBSCAN
CLUSTERING_PARAMS : eps(24), minSamples(3)
CLUSTERS
1 0
2 28 50 54 77 82 91 95 96
3 12 22 26 37 97
4 44 45
5 8 67 80
6 3 52
7 19 39 57 61 88
8 25 58
9 42 74
10 71 79
11 6 15 30 34 35 40 84 89 93
12 20 21 66
13 14 98
14 11 16 29 72 78
15 36 63
16 2 24 59 65 83
17 1 33 49 73 92
18 81 94 100
19 46 51 90
20 18 27 38
21 10 53 87
22 13 68
23 32 41
24 48 86
25 7 43
26 9 55
27 56 69
28 5 23 70
29 17 76 99
30 4 64
31 31 60
32 75 85
33 47 62
EOF