NAME : XML100_3152_02
DIMENSION : 101
NB_CLUSTERS : 27
CLUSTERING_ALG : DBSCAN
CLUSTERING_PARAMS : eps(58), minSamples(3)
CLUSTERS
1 0
2 2 9 75 85
3 3 4 10 31 38 67 78 84 93
4 8 23 99
5 15 60 61 70
6 17 25 28 40 83 87
7 30 42 53 59 88
8 34 47 55
9 49 56 76
10 27 44 50 64 77 95
11 22 32 51 79 89
12 1 5 7 26 57 58 65 68 73
13 29 36 72 80 98 100
14 19 97
15 20 45
16 11 18 48
17 16 63 94
18 21 37 54
19 14 39 41 46 74 90
20 12 62 96
21 6 52 71
22 24 91
23 13 92
24 35 43
25 69 86
26 66 81
27 33 82
EOF