NAME : XML100_2156_04
DIMENSION : 101
NB_CLUSTERS : 29
CLUSTERING_ALG : DBSCAN
CLUSTERING_PARAMS : eps(62), minSamples(3)
CLUSTERS
1 0
2 4 27 32 46 82 98
3 6 21 40 41 43 100
4 7 14 42 78 89
5 9 13 29 38 45 86
6 10 68 74 96
7 15 23 66 69 77 95
8 20 52 80 91
9 12 31 39 47 81
10 37 58 61 62 83 88 99
11 51 53 70
12 48 56 75 84
13 17 22
14 34 60 94
15 55 63
16 54 76
17 5 49 50 57
18 11 33
19 18 24
20 25 92 93
21 16 44 65 79
22 1 19
23 28 87
24 64 72 90
25 2 59
26 30 71
27 3 26 35
28 36 67 73 85
29 8 97
EOF