NAME : XML100_3342_16
DIMENSION : 101
NB_CLUSTERS : 27
CLUSTERING_ALG : DBSCAN
CLUSTERING_PARAMS : eps(36), minSamples(3)
CLUSTERS
1 0
2 3 8 13 14 15 34 49 77 79 84 92 99
3 9 41 69 76
4 17 23 37 75 98
5 21 25 38 44 48 53 57 62 71 73 78 81 86 88 91 94 100
6 10 50 54 80
7 5 7 56 61 85
8 55 70
9 63 82
10 18 28
11 40 51 59
12 45 52 72
13 27 90
14 12 19 20 31
15 22 36
16 2 89 96 97
17 6 43 67
18 16 24 58
19 32 33 39
20 47 68 95
21 30 60 93
22 35 42 74
23 83 87
24 29 65
25 4 46
26 11 26 64
27 1 66
EOF