NAME : XML100_1153_18
DIMENSION : 101
NB_CLUSTERS : 29
CLUSTERING_ALG : DBSCAN
CLUSTERING_PARAMS : eps(39), minSamples(3)
CLUSTERS
1 0
2 13 32 59 63 91
3 31 47 67 84
4 5 16 50 71 90
5 8 22 42 44 45 66 69 75 85 88 93
6 7 17 49 58 70
7 12 21 83
8 79 82
9 15 24 33 37 38 52 54 95
10 34 65 100
11 36 39 53 72
12 11 99
13 46 55
14 4 19 27 41
15 23 43
16 18 30 73 74 76 96
17 1 64 78 81 98
18 57 77 80
19 92 97
20 28 62
21 40 86 87
22 26 35
23 20 68
24 14 60
25 25 29 56
26 2 10 48
27 9 61
28 3 6 89
29 51 94
EOF