NAME : XML100_1163_26
DIMENSION : 101
NB_CLUSTERS : 34
CLUSTERING_ALG : KMeans
CLUSTERING_PARAMS : k(39)
CLUSTERS
1 0
2 20 28 59 79 99
3 46 81 89
4 18 21
5 11 33 78
6 1 19
7 24 83
8 31 95
9 48 51 72 73 92
10 25 29 100
11 10 36 42 88 93
12 4 5 32 56 84
13 39 47 66 70
14 8 60 67 94
15 14 35
16 27 49 69
17 13 34 76
18 3 64 74 77
19 12 68
20 2 9 16
21 7 86
22 30 43
23 75 91
24 22 40 58 63 97
25 17 55
26 6 54 80 87
27 37 38 96
28 23 57 61
29 26 41 98
30 15 44 53
31 71 90
32 45 85
33 50 52 62
34 65 82
EOF