NAME : XML100_3116_19
DIMENSION : 101
NB_CLUSTERS : 28
CLUSTERING_ALG : DBSCAN
CLUSTERING_PARAMS : eps(58), minSamples(3)
CLUSTERS
1 0
2 3 6 9 27 51 57 88 95
3 8 24 31 33 42 64 69 91
4 20 59 81 98
5 21 22 70 82
6 23 35 39 43
7 7 19 37 55 62 73
8 13 16 26 63 67 72 86
9 4 50 75
10 34 58 78 79 80
11 12 28 56 65 77 83 87 89
12 48 74
13 18 49
14 90 100
15 17 71
16 30 76
17 14 15
18 44 46 97 99
19 61 68 85 92
20 2 25 29 41
21 11 47 60
22 93 96
23 40 66
24 38 45
25 36 84
26 5 53
27 10 32 54
28 1 52 94
EOF