NAME : XML100_1145_27
DIMENSION : 101
NB_CLUSTERS : 31
CLUSTERING_ALG : DBSCAN
CLUSTERING_PARAMS : eps(43), minSamples(3)
CLUSTERS
1 0
2 4 50 51 79
3 11 20 34 75
4 9 23 26 46 56 60 69 85
5 13 29 41 43 66 81 89
6 64 72 100
7 10 59 82
8 30 37
9 3 39
10 7 28 61 86
11 65 67 92
12 58 88
13 32 33 55 91 96
14 71 87
15 36 45 49 63
16 8 38 78
17 6 12
18 31 77 80
19 16 57 74 94
20 18 47 84
21 35 70 90
22 19 53 83
23 15 21 40
24 17 25 62 97
25 1 14 24 54
26 48 52 76
27 44 68 95
28 73 99
29 22 42 98
30 5 27
31 2 93
EOF