NAME : XML100_3143_21
DIMENSION : 101
NB_CLUSTERS : 30
CLUSTERING_ALG : DBSCAN
CLUSTERING_PARAMS : eps(54), minSamples(3)
CLUSTERS
1 0
2 1 4 22 23 28 94
3 7 18 21 30 33 39 56 66
4 8 77 79 83 88 93
5 11 24 32 44 58 67 72 89
6 19 35 52 57
7 34 54 99 100
8 40 80 96
9 17 50 64 68 81
10 47 63
11 26 78
12 36 46 69 98
13 14 76 90
14 70 74
15 42 97
16 27 60 75
17 43 49 71
18 55 62 65
19 16 20 31 48 86 95
20 2 41
21 45 59
22 5 13
23 10 51 73 91
24 15 25
25 38 87
26 82 92
27 12 37
28 61 84
29 6 9 29
30 3 53 85
EOF