NAME : XML100_2164_27
DIMENSION : 101
NB_CLUSTERS : 34
CLUSTERING_ALG : KMeans
CLUSTERING_PARAMS : k(43)
CLUSTERS
1 0
2 70 87
3 22 35 55 67 69
4 14 56 66
5 7 8 17 60
6 10 26 80 96
7 2 21
8 45 68
9 37 59 91 99
10 5 46 74 93
11 30 38 61
12 18 49 94
13 4 39 78
14 15 63 85 90
15 23 42 73
16 41 86
17 27 57
18 12 29 76
19 50 58 100
20 9 20 40
21 11 84
22 28 43 82
23 34 51 62
24 13 64
25 33 75 83 88 98
26 6 97
27 53 54
28 19 36 92
29 3 65 95
30 1 16 24 77 89
31 44 48 79
32 32 71 81
33 52 72
34 25 31 47
EOF