NAME : XML100_3152_15
DIMENSION : 101
NB_CLUSTERS : 29
CLUSTERING_ALG : DBSCAN
CLUSTERING_PARAMS : eps(61), minSamples(3)
CLUSTERS
1 0
2 3 19 68 91 96 98
3 9 60 70
4 10 34 37 41 45 66
5 11 46 83
6 13 61 79 99
7 17 27 52 57 64 74 88 100
8 20 21 49
9 23 25 39 80 87 93 94
10 26 30 33 51 72
11 28 43 95
12 29 35 48 85
13 40 44 81 90
14 4 16 55
15 1 5 67 78 89 97
16 15 42 58 73
17 53 59
18 24 69
19 12 38 65
20 8 22 31
21 62 75
22 36 71
23 6 18
24 50 63 86
25 2 76 92
26 47 84
27 32 54
28 7 14 77
29 56 82
EOF