NAME : XML100_3166_02
DIMENSION : 101
NB_CLUSTERS : 31
CLUSTERING_ALG : DBSCAN
CLUSTERING_PARAMS : eps(54), minSamples(3)
CLUSTERS
1 0
2 2 31 40 41 52 61
3 1 6 76 78
4 8 19 37 45 98
5 13 60 97
6 24 33 57
7 29 47 80 83
8 35 39 48
9 34 53 58 86 88
10 55 69 70 84
11 16 17 21 66 81 94
12 32 71 100
13 5 68 90 91
14 7 44
15 62 79
16 26 50 96
17 9 75
18 11 18 28
19 3 15 27 64
20 25 67 77
21 82 85
22 23 72 89
23 46 93
24 12 51
25 38 43
26 10 20 42 65 92
27 22 73 74
28 14 54 56 59 95
29 4 30
30 36 49 63
31 87 99
EOF