NAME : XML100_3175_14
DIMENSION : 101
NB_CLUSTERS : 34
CLUSTERING_ALG : KMeans
CLUSTERING_PARAMS : k(39)
CLUSTERS
1 0
2 45 91
3 60 87
4 5 8 53
5 9 35 74 85
6 1 55 68 75
7 23 46 49 54
8 7 19 32 39
9 6 20 88 89
10 14 16 73 93 98
11 3 11 21
12 30 65 69 71 78
13 27 42 61
14 17 36 82
15 72 99
16 43 50
17 33 41 48
18 52 66 94 96 100
19 56 57 76
20 2 97
21 34 58
22 28 40 51
23 47 83 84
24 10 24 70
25 25 38
26 15 95
27 18 31 64
28 62 80 81
29 12 63
30 4 29 90
31 37 44 79 86
32 13 67
33 22 59
34 26 77 92
EOF