NAME : XML100_3154_20
DIMENSION : 101
NB_CLUSTERS : 30
CLUSTERING_ALG : DBSCAN
CLUSTERING_PARAMS : eps(66), minSamples(3)
CLUSTERS
1 0
2 1 51 66 91
3 7 52 73 80
4 9 11 23 37 38 44 61 93
5 13 15 29 32 49
6 4 20 28 45 60 81
7 17 24 25 63 69 99
8 31 72 88
9 42 62 90 95
10 2 48 54 74 83
11 22 65 79 84
12 40 78 86 89
13 10 53 57 98
14 3 35 43 87 100
15 82 85 97
16 33 68
17 67 71 94
18 16 19 34
19 8 14
20 46 56 64
21 39 59
22 30 55
23 5 6 27
24 41 92
25 12 26
26 58 70
27 18 75 96
28 21 76
29 36 47
30 50 77
EOF