NAME : XML100_3134_05
DIMENSION : 101
NB_CLUSTERS : 31
CLUSTERING_ALG : DBSCAN
CLUSTERING_PARAMS : eps(35), minSamples(3)
CLUSTERS
1 0
2 9 17 93
3 20 25 39 98 99
4 18 24 37 69 85
5 4 27 28 52
6 19 42 78
7 15 59 82 92
8 57 81
9 12 62
10 1 10 41
11 32 46
12 3 13 23
13 63 86
14 5 26 30 43 64
15 6 36 73
16 2 16 22 35 67 80 83
17 33 55 68 70 77
18 21 56
19 8 40 66 91
20 31 50 71
21 65 95
22 34 54 61 72 88
23 7 44 84
24 51 60 96
25 38 53 75 76 89 94
26 49 87
27 58 74 79 90
28 29 97
29 14 47
30 45 48
31 11 100
EOF