NAME : XML100_3361_03
DIMENSION : 101
NB_CLUSTERS : 31
CLUSTERING_ALG : DBSCAN
CLUSTERING_PARAMS : eps(28), minSamples(3)
CLUSTERS
1 0
2 9 48 58 97
3 1 6 17 55 56 60 63 68 73 91
4 14 28 43 69 76 77 86
5 29 45 54 57 62 95 100
6 38 67
7 61 79
8 16 22
9 42 51 53 59 90
10 70 87
11 20 33 88 89
12 31 50
13 7 23 49 72
14 18 19 94
15 15 21 46 47 52 74 83 92
16 34 75
17 37 78 98
18 30 35
19 13 26
20 12 80
21 11 71 85
22 3 8 24
23 4 81
24 32 64
25 65 93
26 2 5
27 40 44
28 39 41 66 84
29 27 82 96
30 36 99
31 10 25
EOF