NAME : XML100_1125_03
DIMENSION : 101
NB_CLUSTERS : 29
CLUSTERING_ALG : DBSCAN
CLUSTERING_PARAMS : eps(73), minSamples(3)
CLUSTERS
1 0
2 3 33 38
3 4 26 61
4 6 67 95
5 2 7 57 68 78 97 98
6 9 42 56 83 87
7 8 10 18
8 14 35 72 100
9 19 23 27 39 63 84
10 24 28 48 90 92
11 29 46 76 89
12 40 47 53 65 66 74 77 82 93
13 22 50 51 70 79 96
14 52 80
15 1 15 71 81 85 88
16 54 69
17 62 86 99
18 5 41 55
19 60 91
20 13 30
21 31 32
22 43 73
23 21 75 94
24 16 64
25 20 58
26 11 12 59
27 36 45
28 17 37
29 25 34 44 49
EOF