NAME : XML100_1326_23
DIMENSION : 101
NB_CLUSTERS : 28
CLUSTERING_ALG : DBSCAN
CLUSTERING_PARAMS : eps(32), minSamples(3)
CLUSTERS
1 0
2 5 57 61
3 8 18 31 87 100
4 6 9 16 47 56 91
5 7 12 13 33 48 50 59 85 86
6 46 81 90 96
7 27 29 45 77 82 92 95 97
8 15 34 94
9 10 14 64
10 20 22
11 1 19 36 62 78
12 58 76 99
13 67 71 88
14 44 49
15 40 43 83 89
16 21 51 93
17 17 26 54 70 72
18 66 74
19 38 63 98
20 25 73
21 11 30 55
22 60 80
23 24 52 79
24 23 41 42 53 84
25 3 4 35 65 69 75
26 32 68
27 2 39
28 28 37
EOF