NAME : XML100_1133_06
DIMENSION : 101
NB_CLUSTERS : 28
CLUSTERING_ALG : DBSCAN
CLUSTERING_PARAMS : eps(52), minSamples(3)
CLUSTERS
1 0
2 9 19 97
3 16 23 33 96
4 2 3 17 29 46
5 20 72 73 74 80 90
6 26 52 67 71
7 15 59 83 89 91
8 6 34 39 64 76
9 50 66 79
10 30 41 82 87 92 94
11 38 45 53 54 58 99
12 48 51 57 88 93
13 28 98
14 14 24 75
15 77 85
16 27 65 78
17 4 10 37 49 68 69
18 25 100
19 1 31
20 44 47 61
21 18 55 62
22 12 21 43 63
23 5 56
24 11 84
25 13 70
26 32 35 42 60 86
27 36 40 81
28 7 8 22 95
EOF