NAME : XML100_3162_12
DIMENSION : 101
NB_CLUSTERS : 32
CLUSTERING_ALG : DBSCAN
CLUSTERING_PARAMS : eps(43), minSamples(3)
CLUSTERS
1 0
2 4 32 35 65 81
3 7 43 58 82
4 9 10 34 62 64
5 1 21 37 73
6 2 53 55 96
7 59 74 88
8 5 13 16 19 29 56 69 70 79 95
9 20 57
10 25 86
11 14 39 91
12 31 50 61 67
13 8 26 27 46 75
14 40 42 89
15 76 77
16 11 38 84
17 49 80
18 12 85
19 24 33 94
20 44 45 63 90 99
21 51 71 100
22 28 36 87 97
23 23 54
24 41 48
25 52 83
26 3 17 93
27 22 30
28 72 98
29 6 66
30 18 47
31 60 68 78
32 15 92
EOF