NAME : XML100_3161_16
DIMENSION : 101
NB_CLUSTERS : 33
CLUSTERING_ALG : KMeans
CLUSTERING_PARAMS : k(35)
CLUSTERS
1 0
2 4 21 56 92 99
3 59 93 97
4 28 87
5 11 19 36
6 2 17 69 85 91
7 24 63 96
8 67 94
9 45 77
10 46 82
11 7 40 55
12 18 33 73 84
13 34 75
14 9 35
15 53 65 71
16 16 38 49
17 8 31 76 80
18 47 61 98
19 52 74 95
20 1 32 37 43 66 81
21 5 29 39 51
22 42 50 57
23 41 78
24 22 23 58 62
25 20 100
26 14 72 90
27 6 88
28 26 44 48 70 83
29 3 15 79
30 12 25 64 89
31 30 86
32 10 54 60 68
33 13 27
EOF