NAME : XML100_3145_21
DIMENSION : 101
NB_CLUSTERS : 29
CLUSTERING_ALG : DBSCAN
CLUSTERING_PARAMS : eps(78), minSamples(3)
CLUSTERS
1 0
2 1 5 8 69 77 87
3 4 28 37 41 44 48 51 54 80 95
4 10 13 17 31 39 42 55 62 73 90 98 99
5 11 14 33 53 79
6 19 64 76
7 23 36 86
8 18 26 58 93
9 45 57 82
10 40 47 59 72 81
11 52 74 83 91
12 16 43 84
13 2 7 78 88 89 92
14 34 70
15 3 75
16 12 46 94
17 25 63 97
18 21 71
19 6 27
20 22 66
21 30 65
22 20 24
23 29 60
24 15 61 67
25 32 35
26 9 68
27 38 85
28 49 100
29 50 56 96
EOF