NAME : XML100_1362_05
DIMENSION : 101
NB_CLUSTERS : 29
CLUSTERING_ALG : DBSCAN
CLUSTERING_PARAMS : eps(32), minSamples(3)
CLUSTERS
1 0
2 2 16 18 56 57 60 62 82 87
3 7 13 31 40 63 77
4 26 45 68 86 90
5 38 42 47 89
6 14 21 22 27 46 76 84
7 4 44 81 83 91
8 5 19 72 79 80
9 12 25 52 97
10 36 54
11 49 59 61
12 67 100
13 48 55 66
14 10 71
15 8 11 33 78 92 99
16 9 41 43 53
17 51 58 69 73 93
18 15 29
19 3 70 98
20 6 17
21 64 75
22 28 65
23 50 95
24 23 32
25 1 35 85
26 30 88
27 24 37
28 20 34
29 39 74 94 96
EOF