NAME : XML100_2136_18
DIMENSION : 101
NB_CLUSTERS : 31
CLUSTERING_ALG : DBSCAN
CLUSTERING_PARAMS : eps(31), minSamples(3)
CLUSTERS
1 0
2 3 31 32 65 96
3 6 7 10 11 41 67
4 20 23 28 63 69 76 92
5 18 91 93 97
6 5 9 48 81 84
7 1 30 85
8 12 17
9 43 79 80
10 25 35
11 16 72
12 39 68 71
13 19 38 61
14 89 99
15 49 83 95
16 13 27 70 90
17 15 36 51
18 8 22 56
19 24 44 54 78
20 46 86
21 47 53 77 100
22 21 29
23 40 74 75 94 98
24 2 33 45
25 52 60
26 14 59 82
27 4 26 66 88
28 42 50 57 64
29 37 58
30 55 87
31 34 62 73
EOF