NAME : XML100_3163_05
DIMENSION : 101
NB_CLUSTERS : 29
CLUSTERING_ALG : DBSCAN
CLUSTERING_PARAMS : eps(55), minSamples(3)
CLUSTERS
1 0
2 7 30 41 54
3 12 21 60 91
4 2 13 16 85
5 8 17 18 27 48 56
6 23 29 38 39 55 67 73 75
7 44 64 77 79 83 95
8 6 36 59 100
9 15 25 78 80 88 94
10 43 49 61 86
11 11 84 89
12 70 74
13 14 76 97
14 45 47
15 69 93
16 22 71 92
17 9 28 42
18 5 46 68 82
19 40 87 90
20 31 51
21 37 57
22 3 35 98
23 34 50 63 96
24 1 10 20 58
25 19 24 52 72
26 53 65
27 4 26 33 62
28 66 81
29 32 99
EOF