NAME : XML100_1144_08
DIMENSION : 101
NB_CLUSTERS : 31
CLUSTERING_ALG : DBSCAN
CLUSTERING_PARAMS : eps(49), minSamples(3)
CLUSTERS
1 0
2 4 19 25 56 66
3 11 22 32 60 64
4 12 45 70 72 94
5 5 21 35 57 63 75 99
6 40 43 54 58 68 69
7 34 37 78 80 100
8 85 86 90
9 7 97
10 48 67
11 27 38 83 93
12 8 47 52 59 95
13 16 51
14 41 53
15 20 44
16 33 36 62
17 82 92
18 2 3 55
19 42 46
20 15 39
21 65 91
22 1 26
23 28 29 77
24 9 50 61 71 89 98
25 6 76 87
26 30 73 96
27 14 88
28 17 31 49 84
29 23 24 79 81
30 18 74
31 10 13
EOF