NAME : XML100_3124_19
DIMENSION : 101
NB_CLUSTERS : 29
CLUSTERING_ALG : DBSCAN
CLUSTERING_PARAMS : eps(64), minSamples(3)
CLUSTERS
1 0
2 1 5 8 18 27 29 76 77 85
3 7 25 52 67 88 91 97
4 10 34 39 43 47 60 66 69
5 21 24 53 62 93
6 41 46 55
7 19 71 78 79 82 83
8 4 31 56 80 87 89 98
9 32 63
10 3 14 17
11 23 59
12 11 73
13 12 49 96
14 48 61 65 99
15 38 86
16 44 84
17 30 70
18 16 68 90
19 20 26 42 64
20 22 50
21 75 81
22 2 13 40 54
23 28 35 36 92 94
24 9 37
25 51 72
26 58 95
27 33 57
28 15 45 100
29 6 74
EOF