NAME : XML100_3142_14
DIMENSION : 101
NB_CLUSTERS : 33
CLUSTERING_ALG : DBSCAN
CLUSTERING_PARAMS : eps(51), minSamples(3)
CLUSTERS
1 0
2 1 12 41
3 21 30 43 53 63
4 4 36 56 57
5 10 40 61 70
6 34 42 45 50
7 5 23 60 80
8 44 47 58 66 74 95 100
9 7 13 37 89 98
10 2 14 22 99
11 69 82 87
12 25 78
13 6 32 71
14 73 83
15 64 79
16 11 59
17 19 81
18 33 46 77
19 28 76
20 48 92
21 15 27 35 38 86
22 3 96
23 67 68 91
24 20 29 62 85 97
25 55 75
26 31 93 94
27 16 26
28 24 49 84 88
29 9 90
30 18 39
31 8 54
32 65 72
33 17 51 52
EOF