NAME : XML100_2175_24
DIMENSION : 101
NB_CLUSTERS : 34
CLUSTERING_ALG : DBSCAN
CLUSTERING_PARAMS : eps(42), minSamples(3)
CLUSTERS
1 0
2 12 26 46 61 87
3 20 48 55 84
4 22 36 38 78
5 4 10 16 49 58 62 69 72 73
6 29 50 79 80
7 6 63
8 41 93
9 17 70
10 19 33 91 94
11 18 51 60 86
12 43 98
13 13 77 82
14 35 39 88
15 1 23
16 44 96 97
17 28 37 65 68
18 24 52 76
19 5 21 53
20 15 30 34
21 64 75 81 95
22 40 99
23 11 90
24 7 66 83
25 8 67 89
26 54 59
27 57 92
28 45 85
29 2 56
30 14 27 71
31 31 42
32 3 74
33 9 32 100
34 25 47
EOF