NAME : XML100_1132_09
DIMENSION : 101
NB_CLUSTERS : 30
CLUSTERING_ALG : DBSCAN
CLUSTERING_PARAMS : eps(56), minSamples(3)
CLUSTERS
1 0
2 1 17 30 65 93 96
3 3 22 29 61
4 5 9 13 35 46 55 67 73 91
5 6 28 34 45 47 75
6 18 70 86 92
7 19 23 53
8 7 25 81
9 33 69 80
10 36 37 39 74 90 100
11 27 44 49
12 14 58 83 87 94
13 2 88
14 63 66
15 4 15
16 20 41 50
17 64 98 99
18 48 68
19 21 54 72
20 43 77 95
21 12 42 59 97
22 8 11 24 32 52 62
23 51 79
24 71 85
25 56 57
26 31 40
27 38 76 84
28 16 78 89
29 10 60
30 26 82
EOF