NAME : XML100_3133_19
DIMENSION : 101
NB_CLUSTERS : 30
CLUSTERING_ALG : DBSCAN
CLUSTERING_PARAMS : eps(71), minSamples(3)
CLUSTERS
1 0
2 1 14 21
3 2 3 6 35 43
4 5 58 72 74
5 7 26 49 60 79 86 95
6 8 50 51 94
7 10 42 64
8 11 38 54 66 87 91 98
9 13 77 80 100
10 22 32 78 99
11 9 19 29 31 57 69 97
12 40 47 52
13 23 59 67 81
14 12 16 65 70
15 62 71 89 93
16 56 73 82 88 92
17 46 55 76
18 24 25
19 18 44 84
20 15 36
21 33 53
22 34 85
23 45 63
24 4 27
25 17 39
26 37 61 90
27 20 68 83
28 28 30
29 41 75
30 48 96
EOF