NAME : XML100_3335_12
DIMENSION : 101
NB_CLUSTERS : 28
CLUSTERING_ALG : DBSCAN
CLUSTERING_PARAMS : eps(27), minSamples(3)
CLUSTERS
1 0
2 41 56 63 76
3 47 50 62 84 88
4 1 42 44 59 61 64 65 67 100
5 4 14 23 34 45
6 32 33 81 98
7 46 75
8 2 3 36 77
9 87 93 99
10 5 55 91
11 12 37 54 69 80 90 94
12 11 20 26 31 53 58 92
13 27 68
14 16 29
15 19 43 49 79 83 89
16 7 24 30 39 70
17 40 57
18 6 8 22 72 78
19 25 66 85 96
20 9 17 73
21 51 95
22 13 60
23 21 38
24 18 28 86
25 10 82
26 35 52 97
27 15 48
28 71 74
EOF