NAME : XML100_2144_25
DIMENSION : 101
NB_CLUSTERS : 27
CLUSTERING_ALG : DBSCAN
CLUSTERING_PARAMS : eps(71), minSamples(3)
CLUSTERS
1 0
2 1 40 44 73
3 2 9 19 33 65 84
4 3 4 59 88
5 8 23 48
6 10 51 85
7 12 13 18 50 79 83
8 28 30 32 43 47 67 74 77 82
9 29 55 78
10 17 31 45 46 53 62 76
11 5 25 34 99 100
12 26 49 69 98
13 22 24 41 56 66 96
14 42 63 64 68 75
15 27 38 72 81 91
16 7 35 54 58 86 90 97
17 11 70
18 57 87
19 93 94
20 20 80 95
21 14 21
22 6 37
23 60 92
24 16 71
25 52 61
26 36 89
27 15 39
EOF