NAME : XML100_1172_17
DIMENSION : 101
NB_CLUSTERS : 27
CLUSTERING_ALG : DBSCAN
CLUSTERING_PARAMS : eps(47), minSamples(3)
CLUSTERS
1 0
2 3 21 54
3 4 7 40 49 62
4 8 48 89 91 92
5 12 55 87 97
6 14 52 83
7 35 37 74
8 6 41 42 56 69 76 82 86 88
9 32 45 47 58 59 63 72 80 94
10 13 19 24 65 71 85 96
11 10 27 70 77 81
12 20 78
13 15 22 61 93
14 16 34 66 98
15 11 68 75
16 9 23 36 60
17 2 29 31 43 57
18 1 38 64
19 51 73 84
20 18 90
21 25 95 100
22 33 79
23 28 39 99
24 17 67
25 5 30
26 26 44 46
27 50 53
EOF