NAME : XML100_1142_21
DIMENSION : 101
NB_CLUSTERS : 31
CLUSTERING_ALG : DBSCAN
CLUSTERING_PARAMS : eps(39), minSamples(3)
CLUSTERS
1 0
2 10 23 24 41 44 47 78
3 13 39 74
4 26 77 80 92
5 33 35 38 49 55 93
6 12 52 53 75 90
7 54 59 60 66 85 88 95
8 1 28 29 46
9 6 18 43 72 73 84
10 4 32
11 25 37 50 96
12 27 40 83
13 31 79 82
14 42 98
15 20 63
16 3 9 56
17 68 89 99
18 11 16 57 65
19 7 14 45 71
20 22 48 81
21 34 94
22 15 64 67
23 2 76
24 61 87
25 8 62
26 19 69 91
27 5 86
28 30 51
29 17 36 97
30 70 100
31 21 58
EOF