NAME : XML100_3234_15
DIMENSION : 101
NB_CLUSTERS : 28
CLUSTERING_ALG : DBSCAN
CLUSTERING_PARAMS : eps(15), minSamples(3)
CLUSTERS
1 0
2 2 7 22 50 60 65 88 97
3 13 27 67 73 84 91
4 20 21 24 49 68 70 72 78 83
5 10 14 15 31 44 62 75 93
6 28 47 89
7 33 36
8 38 43 64
9 12 74
10 1 57 61
11 32 42
12 4 8 29 39
13 11 17 56
14 35 63 77
15 18 25 41
16 81 86
17 30 40
18 45 55 96 98
19 16 46 48 71 82 85 99
20 6 51 80
21 59 92 100
22 26 87 94
23 5 54
24 9 23 52 69
25 34 76 79
26 19 37 66
27 3 90
28 53 58 95
EOF