NAME : XML100_1163_01
DIMENSION : 101
NB_CLUSTERS : 31
CLUSTERING_ALG : DBSCAN
CLUSTERING_PARAMS : eps(24), minSamples(3)
CLUSTERS
1 0
2 1 47 72 86
3 8 10 92
4 13 25 29 33 41 56 62
5 24 63 91
6 12 42 90 95
7 7 68 98
8 22 28 96
9 4 43 48 50 53
10 30 34
11 60 69 85 97
12 46 87
13 17 76
14 38 54 88 93
15 79 84
16 19 31 49 59 70 80
17 2 23 27 77
18 51 57 100
19 26 40 66 78
20 6 14 58 61 67 89
21 16 45 52 64
22 15 37 44
23 9 94
24 20 32 73
25 3 18 82
26 5 71 83
27 35 39
28 55 74
29 75 99
30 21 36 81
31 11 65
EOF