NAME : XML100_3344_15
DIMENSION : 101
NB_CLUSTERS : 31
CLUSTERING_ALG : DBSCAN
CLUSTERING_PARAMS : eps(21), minSamples(3)
CLUSTERS
1 0
2 9 22 23 35 53
3 1 6 27 31 34 44 63 64 65 74 84
4 15 25 43 73 79
5 10 39 59 67
6 13 49 50 58
7 48 77
8 4 19 85
9 3 46
10 11 37 69 86 97
11 71 83
12 28 47 72
13 14 18 21
14 26 38 56 80
15 24 66 89
16 29 70 87
17 78 98
18 7 17 68 76 99
19 52 90
20 20 30 45
21 40 41 57 92
22 2 5 16 94 95
23 60 62
24 12 54 88 91
25 8 93
26 96 100
27 32 75
28 33 55
29 51 61
30 36 42
31 81 82
EOF