NAME : XML100_1164_20
DIMENSION : 101
NB_CLUSTERS : 29
CLUSTERING_ALG : DBSCAN
CLUSTERING_PARAMS : eps(63), minSamples(3)
CLUSTERS
1 0
2 1 42 51 59 78 86 92 98 99
3 9 26 80 89
4 5 8 16 19 23 36 71 72 90
5 12 28 66
6 24 50 70
7 53 57 63 88
8 4 13 73 74 77 97
9 17 49 79 84 91 96
10 22 41 46 83
11 10 64 65 68 94
12 7 21
13 33 54
14 29 32 39
15 20 43 76
16 47 60
17 3 85
18 6 55 61
19 2 11 40
20 25 27 69
21 30 67 87
22 48 81
23 38 58 100
24 34 95
25 14 44
26 15 18 35
27 31 37 45 52
28 56 75 82
29 62 93
EOF