NAME : XML100_1166_23
DIMENSION : 101
NB_CLUSTERS : 29
CLUSTERING_ALG : DBSCAN
CLUSTERING_PARAMS : eps(56), minSamples(3)
CLUSTERS
1 0
2 1 2 9 51 62 63 77
3 5 20 39 96
4 6 42 48 49 88 98
5 7 11 100
6 10 40 91
7 12 13 14 19 21 30 73 86
8 17 66 72
9 23 54 70 79 84
10 26 46 75 78 97
11 58 68 69
12 22 34 37 61 95
13 16 45
14 31 35 38 87
15 8 67 94
16 29 74
17 15 24 43 76 99
18 55 81 89 92
19 18 53
20 27 65 90
21 3 44 64
22 33 93
23 32 47
24 52 59 83
25 4 57 82
26 56 60
27 25 28 41
28 36 50 85
29 71 80
EOF