NAME : XML100_3154_21
DIMENSION : 101
NB_CLUSTERS : 27
CLUSTERING_ALG : DBSCAN
CLUSTERING_PARAMS : eps(74), minSamples(3)
CLUSTERS
1 0
2 2 17 18 22 29 59 66 68 82 91 100
3 4 8 23 30 32 37 38 41 72
4 5 33 55 57
5 6 11 14 19 40 58 71 84 87 94 99
6 20 25 26 35 81 83 97
7 12 21 27 36
8 34 39 67 78
9 44 46 88
10 50 60 61 90 96
11 31 62
12 13 15 86
13 16 28 53
14 93 95
15 45 65
16 63 85
17 43 70
18 24 52
19 48 80 98
20 75 92
21 1 42 49 74 79
22 7 64 69
23 3 10 76
24 54 73
25 47 56
26 9 77
27 51 89
EOF