NAME : XML100_1145_20
DIMENSION : 101
NB_CLUSTERS : 34
CLUSTERING_ALG : DBSCAN
CLUSTERING_PARAMS : eps(59), minSamples(3)
CLUSTERS
1 0
2 2 23 42
3 13 43 78 79
4 20 55 65
5 26 38 54 90
6 27 69 83
7 44 58 89
8 48 75 88
9 28 53 76
10 10 35 71 82
11 12 49 84 85 92 94 98
12 51 70
13 32 66
14 39 80 95
15 45 74
16 21 77
17 37 52
18 8 18 47 64 87
19 25 73
20 40 86
21 1 7 62 72
22 68 99
23 31 34 63
24 9 24 57 61 93 96
25 17 60
26 15 22 81
27 11 46 59 91 97 100
28 14 29
29 3 4 36
30 6 19
31 33 50
32 16 67
33 5 30
34 41 56
EOF