NAME : XML100_3136_12
DIMENSION : 101
NB_CLUSTERS : 34
CLUSTERING_ALG : DBSCAN
CLUSTERING_PARAMS : eps(42), minSamples(3)
CLUSTERS
1 0
2 45 51 61 73 98
3 14 22 29 36 60
4 46 70
5 13 27 52
6 58 68
7 71 72
8 10 55 67 96
9 15 16 30 39
10 20 100
11 28 35 40 63 69 82 99
12 11 53
13 1 8 12 31
14 32 85 87
15 18 25 38 50
16 4 43 79 89 90
17 3 92
18 21 48 49 86
19 47 77 78
20 56 76
21 34 59 93 95
22 91 94
23 17 23
24 5 26 33
25 19 65 75
26 2 66
27 37 54 62
28 7 64 83
29 80 81
30 6 84 97
31 24 57
32 74 88
33 42 44
34 9 41
EOF