NAME : XML100_3136_05
DIMENSION : 101
NB_CLUSTERS : 31
CLUSTERING_ALG : DBSCAN
CLUSTERING_PARAMS : eps(50), minSamples(3)
CLUSTERS
1 0
2 2 43 65
3 5 15 94 98
4 18 79 91
5 24 40 54 90 100
6 25 36 53 63 83
7 6 62 89 93
8 7 17 52 68 71 73
9 16 95
10 4 30 37
11 1 50 72
12 22 33 41 58 75
13 10 92
14 12 78
15 34 66
16 61 76
17 69 86
18 26 27 31
19 20 28 42 56 74 77
20 82 96
21 38 59 97
22 14 19 35 44 49
23 21 70 84 88 99
24 29 57
25 45 51 85
26 3 23 48 87
27 11 46 80
28 8 39 67
29 32 81
30 9 13 60
31 47 55 64
EOF