NAME : XML100_2156_19
DIMENSION : 101
NB_CLUSTERS : 33
CLUSTERING_ALG : KMeans
CLUSTERING_PARAMS : k(45)
CLUSTERS
1 0
2 10 29 83 94
3 19 24 93
4 9 42 66 92 96
5 8 75 99
6 2 55 69
7 17 23 53 63
8 1 6 82
9 4 21 26 46
10 25 34 58 78
11 38 57 97
12 13 68 90
13 20 28 32 40 61 86
14 7 22 87
15 5 30 50
16 44 47
17 36 62
18 49 79 98
19 3 77
20 14 43 74
21 64 70
22 41 59
23 11 12 18
24 15 16 85
25 27 52 65 73 91 95
26 31 71
27 72 89
28 35 39 48
29 60 76 81 100
30 67 80
31 51 56
32 45 54 88
33 33 37 84
EOF