NAME : XML100_3143_07
DIMENSION : 101
NB_CLUSTERS : 30
CLUSTERING_ALG : DBSCAN
CLUSTERING_PARAMS : eps(29), minSamples(3)
CLUSTERS
1 0
2 15 51 52 81
3 26 76 78
4 9 17 19 31 42 44 45 77 89 96
5 54 62 100
6 24 91
7 2 60
8 6 68
9 7 8 56 61 69
10 38 86 94 97
11 3 40
12 32 87
13 20 35 48 93
14 14 30 66 95
15 21 22 64 90 98 99
16 34 88 92
17 12 28 36 43 59
18 5 37 85
19 25 39 41
20 16 49 58 74
21 65 70
22 55 71 84
23 1 47 53
24 23 63 67 72 80
25 29 46 50
26 4 13 27 79
27 33 75
28 11 18 73
29 57 83
30 10 82
EOF