NAME : XML100_2254_17
DIMENSION : 101
NB_CLUSTERS : 28
CLUSTERING_ALG : DBSCAN
CLUSTERING_PARAMS : eps(17), minSamples(3)
CLUSTERS
1 0
2 1 10 34 46
3 19 26 53 65 74 88 91 93
4 38 66 72 78 80 84 98
5 5 35 40 54 59 60 61 63 100
6 11 94
7 13 33
8 2 28
9 16 49 62
10 14 39 55 73 87 95
11 18 70 71 86
12 41 76
13 12 51
14 22 85
15 83 89
16 7 43 58
17 15 20 37 77
18 6 8 31 97
19 42 44 52 96
20 24 32 57 69 75 90 99
21 9 23
22 21 25 45 47 56
23 30 68
24 48 50
25 3 36 67 79 82 92
26 17 29
27 64 81
28 4 27
EOF