NAME : XML100_3166_20
DIMENSION : 101
NB_CLUSTERS : 32
CLUSTERING_ALG : DBSCAN
CLUSTERING_PARAMS : eps(53), minSamples(3)
CLUSTERS
1 0
2 2 4 20 46 70 80 100
3 7 58 84
4 3 9 18 43 60 86
5 13 15 16 25 59 65 68 74
6 14 23 48 76
7 35 40 41 67
8 17 27 28 54 90
9 51 82
10 44 56
11 8 29 71
12 22 73 75
13 39 87
14 34 64 78
15 31 55
16 57 63
17 5 24 77 93
18 26 33 37
19 32 53 61 79 91
20 69 96 97
21 83 98
22 36 47
23 49 62 92
24 42 88
25 11 45 85
26 6 66 81
27 1 52 89
28 19 30 99
29 10 21
30 12 95
31 50 94
32 38 72
EOF