NAME : XML100_3124_07
DIMENSION : 101
NB_CLUSTERS : 35
CLUSTERING_ALG : KMeans
CLUSTERING_PARAMS : k(49)
CLUSTERS
1 0
2 70 80 88 99
3 35 55 87
4 34 60 68
5 37 49
6 20 33 48 58
7 3 36 47 97
8 11 41 98
9 2 39 69 81
10 7 10
11 74 78
12 12 29 40 65 76
13 18 28 54 57
14 32 82
15 24 71 75
16 51 83
17 15 62
18 8 14 59 85
19 90 92
20 9 61
21 1 19 23
22 16 22 73
23 38 94 96 100
24 17 42 64
25 45 52 56
26 30 43 72
27 6 89
28 21 67
29 63 77 79
30 4 5 44 84
31 25 46 50
32 86 93 95
33 13 31
34 27 66 91
35 26 53
EOF