NAME : XML100_3166_12
DIMENSION : 101
NB_CLUSTERS : 30
CLUSTERING_ALG : DBSCAN
CLUSTERING_PARAMS : eps(39), minSamples(3)
CLUSTERS
1 0
2 8 26 53 55 98
3 1 4 15 20 47 61 82 85
4 17 36 45 79
5 23 28 40 68
6 7 9 13 30 39 48 73
7 11 24 27 63 77 97
8 25 60 88 92
9 41 51 96
10 37 38 62
11 59 75 90
12 33 42 66 89
13 18 56 99
14 3 22
15 2 10 69
16 52 54 74 80
17 21 35 83
18 12 71
19 14 19 67
20 87 91
21 16 29 46 76
22 31 32
23 49 100
24 72 84 86 95
25 44 58 65
26 43 70
27 34 64 94
28 5 50 81
29 6 78
30 57 93
EOF