NAME : XML100_3174_13
DIMENSION : 101
NB_CLUSTERS : 27
CLUSTERING_ALG : DBSCAN
CLUSTERING_PARAMS : eps(59), minSamples(3)
CLUSTERS
1 0
2 1 44 57
3 13 41 84
4 16 26 30 33 46 82 86 87
5 15 18 20 22 23 28 32 49 52 79 85 91 94
6 12 17 29 38 40 54 64 66 73 76 99
7 48 63 67 92
8 3 9 42 59 81 95 100
9 6 11
10 8 31 69 93
11 24 62 65
12 21 53
13 51 58
14 5 14 25 70 74
15 27 90
16 2 4
17 39 50
18 75 97
19 78 98
20 77 88
21 36 68 80 83
22 7 10 55
23 35 43
24 19 60 72
25 34 47 56
26 45 61 89 96
27 37 71
EOF