NAME : XML100_3341_03
DIMENSION : 101
NB_CLUSTERS : 28
CLUSTERING_ALG : DBSCAN
CLUSTERING_PARAMS : eps(31), minSamples(3)
CLUSTERS
1 0
2 15 71 78
3 1 2 24 44 69 74 83
4 9 17 30 40 42 45 47 55 57 76 80 84
5 50 89 95 98
6 6 14 21 56 61 66 73 79 82 88 97 99
7 10 70 72 75
8 13 22 39 48 49 96
9 36 81 100
10 11 23 53
11 3 7 31
12 18 34 67 90
13 37 62 77
14 8 25 52
15 5 46
16 27 33 64 86
17 60 92
18 43 65
19 19 63
20 26 51
21 54 68 85 91
22 29 41
23 28 58
24 16 87
25 20 35
26 12 38
27 32 93
28 4 59 94
EOF