NAME : XML100_2122_18
DIMENSION : 101
NB_CLUSTERS : 34
CLUSTERING_ALG : DBSCAN
CLUSTERING_PARAMS : eps(49), minSamples(3)
CLUSTERS
1 0
2 11 55 92
3 16 29 62
4 22 31 33 69
5 30 36 65
6 15 38 58 61 75 81 94
7 17 41 44 60 63 80 87 97
8 56 77 82 84 85 89
9 21 95
10 12 18 32
11 9 50
12 20 46 54
13 51 52 86
14 5 28
15 23 34 35 48
16 1 42
17 43 74 98
18 24 53
19 10 19 90
20 8 27 47 70
21 88 91
22 39 78
23 3 7
24 2 13 68
25 40 79 93
26 73 83
27 6 25 99
28 66 76
29 26 96
30 45 67
31 14 59 71 72
32 57 100
33 4 49
34 37 64
EOF