NAME : XML100_1142_21
DIMENSION : 101
NB_CLUSTERS : 33
CLUSTERING_ALG : KMeans
CLUSTERING_PARAMS : k(38)
CLUSTERS
1 0
2 59 60 66 85 95
3 5 86
4 38 49
5 2 11 16 57 65
6 7 14 71
7 12 52 53 75 90
8 25 37 96
9 31 79 82
10 34 76 94
11 26 77 80 92
12 33 35 55 93
13 19 69 91
14 10 41 44 78
15 1 28 29 46
16 4 32
17 22 48 81
18 20 63
19 21 58
20 15 64 67
21 8 62
22 27 40 54 83 88
23 17 36 97
24 3 9 56
25 70 100
26 13 39 74
27 61 87
28 24 42 98
29 30 51
30 68 89 99
31 45 50
32 6 18 43 72 73 84
33 23 47
EOF