NAME : XML100_3163_17
DIMENSION : 101
NB_CLUSTERS : 33
CLUSTERING_ALG : KMeans
CLUSTERING_PARAMS : k(38)
CLUSTERS
1 0
2 52 62 68
3 37 48
4 34 47 63 71
5 7 23 42 56
6 17 38 50 82 90 93 99
7 19 25 49
8 70 75
9 27 31 41 59 60
10 61 80
11 89 91 97
12 8 15 30
13 11 76
14 36 87 96
15 9 40 83 84
16 21 26 43 94
17 2 55 66 98
18 1 44 69 81
19 20 32 54
20 33 74
21 85 86
22 4 5 18 29
23 13 45 73
24 28 72 92
25 22 24 64
26 10 16 95
27 51 77
28 14 58 100
29 6 46 88
30 78 79
31 39 53 67
32 3 57 65
33 12 35
EOF