NAME : XML100_1342_10
DIMENSION : 101
NB_CLUSTERS : 32
CLUSTERING_ALG : DBSCAN
CLUSTERING_PARAMS : eps(35), minSamples(3)
CLUSTERS
1 0
2 2 4 12 22 33 35 41 96
3 5 8 75 88 94 95 98
4 10 29 50 69 85 99
5 3 14 17 76 81
6 13 38 46
7 36 63 73 83 93
8 16 39 61
9 45 72
10 1 11 77
11 9 34 49 90
12 65 67
13 20 48
14 28 78
15 15 37
16 60 89
17 58 62 70
18 42 91
19 47 53
20 19 21 64
21 31 68
22 6 18 51 82
23 59 66 74
24 27 30 79 87
25 44 86
26 7 54 97
27 40 80
28 23 71
29 26 56 57 84 100
30 43 52
31 24 55
32 25 32 92
EOF