NAME : XML100_1345_06
DIMENSION : 101
NB_CLUSTERS : 29
CLUSTERING_ALG : DBSCAN
CLUSTERING_PARAMS : eps(28), minSamples(3)
CLUSTERS
1 0
2 1 7 10 94
3 13 20 23 54 83
4 22 26 55 71 72 76
5 30 34 40 53 77
6 4 14 35 38 43 56 81 92 95
7 64 96
8 15 45 91
9 5 17
10 19 57 79 93
11 61 75 98
12 8 11 16 21 36
13 6 50
14 9 32 58 70
15 39 86
16 31 42 60
17 25 27 28 51 87 100
18 37 68
19 74 99
20 18 62
21 46 66 80
22 29 47 89 90
23 2 84
24 12 48 63 67
25 33 78
26 3 24 52 59 73 88
27 49 97
28 41 69 82 85
29 44 65
EOF