NAME : XML100_2374_02
DIMENSION : 101
NB_CLUSTERS : 30
CLUSTERING_ALG : DBSCAN
CLUSTERING_PARAMS : eps(35), minSamples(3)
CLUSTERS
1 0
2 1 11 67
3 2 7 12 29 38 51 86 91 98
4 14 16 50 63 74 84 85
5 40 52 56 72 79 82
6 3 13 48 55
7 9 20 54 65 68 69 70 73 94
8 15 19 42 47
9 17 25 36
10 35 44
11 8 45
12 61 78 88
13 34 46 66 87
14 39 59
15 71 75 90
16 81 89
17 92 100
18 27 76 80
19 24 62
20 31 96
21 5 32
22 6 64 97 99
23 4 26 57
24 30 77 83
25 21 22
26 37 43 60 93
27 28 41 95
28 23 49
29 33 53
30 10 18 58
EOF