NAME : XML100_2325_01
DIMENSION : 101
NB_CLUSTERS : 30
CLUSTERING_ALG : DBSCAN
CLUSTERING_PARAMS : eps(24), minSamples(3)
CLUSTERS
1 0
2 1 2 21 39 49 50
3 3 23 62 65 79 83 84 95 96 98 100
4 9 17
5 29 37 43 97
6 31 34
7 14 51 81 85 94
8 72 77
9 4 18 45
10 41 48 56 68 71
11 66 70 90
12 10 11 22 53 64
13 13 63
14 24 60 80
15 15 58
16 8 25 33
17 73 87 92
18 46 78
19 6 30 44 76 89 99
20 82 91
21 5 32 57
22 12 26 88
23 20 35 36 55 86
24 40 42 52
25 47 74 93
26 7 16 54 59
27 19 75
28 27 38
29 28 67
30 61 69
EOF