NAME : XML100_3165_26
DIMENSION : 101
NB_CLUSTERS : 34
CLUSTERING_ALG : KMeans
CLUSTERING_PARAMS : k(40)
CLUSTERS
1 0
2 19 33 34 56
3 29 47 53 77
4 13 57 64 75 84
5 31 44 62 89
6 2 70 81
7 45 86
8 15 46 68
9 7 14 22 23 39
10 30 48 82
11 58 79 95 99
12 16 21 50 66
13 10 24
14 1 20 92
15 41 73
16 12 37 91
17 27 28
18 40 96
19 42 88
20 38 69 72
21 36 61 80 83 85 93
22 51 59 65
23 43 94
24 9 54 100
25 5 25 55
26 4 90 97
27 74 78
28 8 11 26
29 32 60 76
30 3 35 71
31 18 63
32 6 52 67
33 49 98
34 17 87
EOF