NAME : XML100_3115_17
DIMENSION : 101
NB_CLUSTERS : 31
CLUSTERING_ALG : DBSCAN
CLUSTERING_PARAMS : eps(60), minSamples(3)
CLUSTERS
1 0
2 10 31 48 54 55
3 20 33 63 70 96
4 25 27 47 49 71 76 78
5 21 32 45 62 93
6 2 8 46
7 1 4 57 87 99
8 56 59 74
9 60 65 75 80 84 94
10 7 66 79
11 18 35 50
12 53 73
13 19 100
14 5 14 15 41 44 95
15 23 37
16 16 58
17 22 29 97
18 24 64
19 13 28 42 81
20 51 61 90
21 3 26 30 34 89
22 39 77
23 38 91
24 36 43 83
25 82 88 92
26 6 69
27 12 67 72
28 52 98
29 9 40
30 11 85 86
31 17 68
EOF