NAME : XML100_2364_15
DIMENSION : 101
NB_CLUSTERS : 28
CLUSTERING_ALG : DBSCAN
CLUSTERING_PARAMS : eps(27), minSamples(3)
CLUSTERS
1 0
2 11 14 44 55 67
3 1 25 28 72 78
4 7 21 41 75
5 3 33 86 93 98
6 4 8 13 15 29 51 80 83 100
7 16 37
8 61 92
9 82 91
10 22 27 38 39
11 12 30 31 45 49
12 81 95
13 43 65 96 97
14 56 74 90
15 35 54 70
16 10 17 48 68 71
17 24 76
18 2 34 46 47 73
19 18 60 63 64 69 89
20 36 79
21 87 99
22 9 20 40 53 66
23 52 62
24 6 77 84
25 19 57 58 85 88
26 23 42
27 5 32 59 94
28 26 50
EOF