NAME : XML100_3141_17
DIMENSION : 101
NB_CLUSTERS : 36
CLUSTERING_ALG : KMeans
CLUSTERING_PARAMS : k(49)
CLUSTERS
1 0
2 14 70
3 61 65 96
4 40 82
5 26 83
6 45 49 53
7 20 52 66 86
8 28 41 64 72
9 42 54 62 88
10 55 94
11 10 11 84
12 3 39
13 7 15 47 63 78
14 19 32 76
15 21 59
16 1 5 31 60
17 24 35
18 27 29 87 98
19 9 13 58 74 81
20 18 90 93
21 25 80
22 16 30 51 71 89
23 48 95
24 8 77
25 22 23
26 4 56 69 73
27 91 97
28 38 67
29 17 100
30 46 99
31 43 75
32 36 57 92
33 34 44 50 85
34 6 79
35 2 12 33
36 37 68
EOF