NAME : XML100_1142_27
DIMENSION : 101
NB_CLUSTERS : 30
CLUSTERING_ALG : DBSCAN
CLUSTERING_PARAMS : eps(60), minSamples(3)
CLUSTERS
1 0
2 4 30 38 40 55 68 74
3 6 57 77 87
4 7 9 75 79 93
5 11 16 36 72
6 13 25 50
7 15 19 22 31 78 81 85 95
8 29 35 71
9 47 48 56 90 91
10 65 82 88 99
11 10 27 46 67 69
12 26 37 44 64
13 62 66 83 100
14 3 17 18
15 60 94
16 34 41 42
17 76 86
18 2 98
19 14 84
20 49 52 54 63
21 8 24 61
22 33 39 45 59
23 1 5
24 58 80
25 12 21 23
26 51 73 97
27 53 70
28 32 43 89
29 20 92
30 28 96
EOF