NAME : XML100_3162_15
DIMENSION : 101
NB_CLUSTERS : 32
CLUSTERING_ALG : DBSCAN
CLUSTERING_PARAMS : eps(66), minSamples(3)
CLUSTERS
1 0
2 9 17 71 74 75 81 85
3 18 32 58 83
4 19 33 35 59
5 10 28 41 54 61 89
6 3 11 14 22 38 46 90 100
7 40 42 49 67 91 99
8 6 15 65
9 37 68 80 84 92 96 98
10 44 63 70 82 88
11 48 55
12 7 76
13 5 87
14 62 86
15 2 29
16 4 25
17 56 73
18 47 66
19 1 31
20 24 45 52 94
21 8 50
22 30 53
23 51 79
24 39 60 72
25 16 36
26 34 95
27 26 97
28 20 57
29 12 27
30 23 64 78
31 13 21 43 93
32 69 77
EOF