NAME : XML100_3322_20
DIMENSION : 101
NB_CLUSTERS : 31
CLUSTERING_ALG : DBSCAN
CLUSTERING_PARAMS : eps(39), minSamples(3)
CLUSTERS
1 0
2 1 12 23 27 31 34 39
3 10 21 58 59 69 74
4 25 26 65 96
5 42 56 73 95
6 33 47 67 75 76 87 90
7 5 30 62 85
8 49 64 92
9 4 50
10 9 91 100
11 13 72 89
12 16 36 60 97
13 14 45 82
14 17 77 94
15 15 63
16 3 40 78
17 2 19 68 86 93 99
18 84 98
19 52 80
20 24 55 61
21 22 43 70
22 18 48
23 51 54 57 83 88
24 20 53 71
25 35 38
26 7 8
27 11 28 37
28 29 81
29 32 41 79
30 6 44
31 46 66
EOF