NAME : XML100_3125_13
DIMENSION : 101
NB_CLUSTERS : 27
CLUSTERING_ALG : DBSCAN
CLUSTERING_PARAMS : eps(63), minSamples(3)
CLUSTERS
1 0
2 5 14 35 45
3 7 36 66 71 90
4 8 29 37 40 70 72
5 11 17 32 51 63 80 91
6 3 16 22 24 41 52 58
7 9 12 23 30 59 67 97
8 46 49 64
9 44 54 55 56 62 93
10 38 53 60 61 75 86
11 39 43 74 77 94
12 1 4 15 25 34 79 88 96
13 73 89
14 6 31 84 92
15 19 42 95
16 28 65
17 2 81
18 26 47 85
19 83 99
20 13 21 48
21 76 78
22 68 98
23 10 33
24 20 69 82
25 18 50
26 27 100
27 57 87
EOF