NAME : XML100_3164_02
DIMENSION : 101
NB_CLUSTERS : 28
CLUSTERING_ALG : DBSCAN
CLUSTERING_PARAMS : eps(22), minSamples(3)
CLUSTERS
1 0
2 16 37 53
3 29 36 43 45 80
4 7 8 69
5 20 48 54
6 34 81
7 1 61 65 72
8 71 82
9 18 23 30 87
10 5 33 35 51 68 73 91 93
11 10 21 22 27 55 76
12 12 38 39
13 3 46 75 97
14 19 26 31
15 9 88 90 100
16 24 28 40 41 58 70 89
17 6 11 57
18 4 52 59 63 94
19 60 78 83 92 98
20 32 44 49 50 96
21 47 77
22 67 99
23 13 17 62
24 25 64 74 86
25 66 79 84
26 42 85 95
27 2 14
28 15 56
EOF