NAME : XML100_1125_06
DIMENSION : 101
NB_CLUSTERS : 34
CLUSTERING_ALG : KMeans
CLUSTERING_PARAMS : k(38)
CLUSTERS
1 0
2 38 47 84 89
3 6 21 25 32 63 96
4 52 79 99
5 39 93
6 26 35 64 81
7 23 56
8 2 4 18 49
9 8 34 54 65 78
10 28 70
11 14 16 53 61
12 17 20 42 73 95
13 48 77
14 41 68 82 88
15 5 31 37 74
16 90 91
17 27 43 58 97
18 67 75
19 10 36 57
20 15 92
21 7 33 87
22 3 71
23 9 85
24 1 24 44
25 30 76
26 22 55 72 80
27 12 50
28 13 62
29 11 40 60
30 29 45
31 46 51 69 94
32 19 66 83
33 86 98
34 59 100
EOF