NAME : XML100_1166_27
DIMENSION : 101
NB_CLUSTERS : 30
CLUSTERING_ALG : DBSCAN
CLUSTERING_PARAMS : eps(52), minSamples(3)
CLUSTERS
1 0
2 10 17 23 58 62 81 89
3 20 91 93
4 14 30 36
5 42 50 85 99
6 46 56 60 84
7 4 47 59 63 73 88
8 13 51 52 55 65 66 76
9 22 24 37 68 72 83 100
10 7 78
11 25 35 74
12 33 64 69
13 1 80
14 9 29 95
15 34 38 96
16 18 94
17 27 31 32
18 53 92
19 16 49
20 8 44 98
21 82 86
22 12 48 61 90 97
23 21 54 75 77
24 26 67 87
25 3 6 39 57
26 5 71
27 11 40 43
28 19 45 70
29 2 41 79
30 15 28
EOF