NAME : XML100_1162_17
DIMENSION : 101
NB_CLUSTERS : 30
CLUSTERING_ALG : DBSCAN
CLUSTERING_PARAMS : eps(36), minSamples(3)
CLUSTERS
1 0
2 2 9 54 56 70 100
3 7 15 38 41 94 96
4 28 40 79 86
5 30 55 87
6 13 19 21 43 47 50 66 84 88
7 22 42 62 82
8 12 89
9 24 37 48 95
10 3 67
11 35 61 78
12 5 63
13 8 53 80 90
14 25 27
15 11 23 26 91
16 14 17 57 58 85
17 31 97
18 10 72 73
19 16 36 65
20 60 69 76
21 1 68
22 6 29 49
23 64 74 92
24 18 44 75 83
25 4 20 39 45 51 98
26 33 93
27 77 81
28 32 52
29 34 46 99
30 59 71
EOF