NAME : XML100_3141_14
DIMENSION : 101
NB_CLUSTERS : 35
CLUSTERING_ALG : DBSCAN
CLUSTERING_PARAMS : eps(20), minSamples(3)
CLUSTERS
1 0
2 5 18 77
3 4 14 27 55
4 2 68 69 74 87
5 15 80 89
6 72 79
7 23 58 62 97
8 16 41
9 34 38 40 57
10 49 67 70
11 6 88
12 10 21 78 93 100
13 51 71 99
14 13 59
15 8 26 81
16 42 48 86
17 22 29 52 95
18 12 28 33 50 66
19 9 47 90
20 43 64
21 35 61 84
22 17 36
23 19 53 65 83
24 45 73
25 24 75
26 63 96 98
27 37 76 94
28 44 85
29 39 91 92
30 31 60
31 3 11 30 46
32 1 7
33 32 56
34 25 54
35 20 82
EOF