NAME : XML100_1161_23
DIMENSION : 101
NB_CLUSTERS : 30
CLUSTERING_ALG : DBSCAN
CLUSTERING_PARAMS : eps(52), minSamples(3)
CLUSTERS
1 0
2 24 42 49 72 86
3 2 25 63 84 95
4 10 29 31 33 36 55 65 69 71 98
5 14 40 81 94
6 44 52 88 93
7 54 85 96
8 20 45 64 79 80 83
9 66 100
10 34 38 46 92
11 22 50 74
12 11 70 91 97
13 82 99
14 23 43 56 67
15 13 76
16 5 8 18 21
17 9 16 17 41
18 48 78
19 12 47 57
20 27 32 37
21 15 51 75
22 3 39 59
23 53 58
24 30 87
25 4 26 28
26 6 68
27 1 7 62
28 60 61 77
29 19 89
30 35 73 90
EOF